pair,session_name,session_start_utc,session_end_utc,managed_close_start_utc,policy_id,policy_source,risk_mode,account_equity,trade_count,gross_lots,realized_pnl,max_drawdown,max_adverse_excursion,max_open_legs,exit_reason,bars_processed,entered_managed_close,gated_by_event_risk,gated_by_entry_intent,derived_entry_direction
EURJPY,london,2026-03-02T03:00:00.000000+0000,2026-03-02T10:00:00.000000+0000,2026-03-02T10:00:00.000000+0000,session_optimizer_asia_eurjpy_medium,live_policy,medium,10000.0,3,0.2121,7.099541,0.25956,0.06489,3,basket_tp_pips,21,false,false,false,
GBPJPY,london,2026-03-02T03:00:00.000000+0000,2026-03-02T10:00:00.000000+0000,2026-03-02T10:00:00.000000+0000,session_optimizer_asia_gbpjpy_medium,live_policy,medium,10000.0,3,0.2121,7.099541,0.90846,0.71379,3,basket_tp_pips,21,false,false,false,
GBPUSD,london,2026-03-02T03:00:00.000000+0000,2026-03-02T10:00:00.000000+0000,2026-03-02T10:00:00.000000+0000,session_optimizer_asia_gbpusd_medium,live_policy,medium,10000.0,3,0.2135,10.41728,10.41495,3.34425,3,basket_tp_pips,80,false,false,false,
NZDUSD,london,2026-03-02T03:00:00.000000+0000,2026-03-02T10:00:00.000000+0000,2026-03-02T10:00:00.000000+0000,session_optimizer_asia_nzdusd_medium,live_policy,medium,10000.0,2,0.1435,13.0585,7.46655,7.46655,2,basket_tp_pips,59,false,false,false,
EURJPY,london,2026-03-03T03:00:00.000000+0000,2026-03-03T10:00:00.000000+0000,2026-03-03T10:00:00.000000+0000,session_optimizer_asia_eurjpy_medium,live_policy,medium,10000.0,3,0.2121,7.099541,1.49247,1.49247,3,basket_tp_pips,39,false,false,false,
GBPJPY,london,2026-03-03T03:00:00.000000+0000,2026-03-03T10:00:00.000000+0000,2026-03-03T10:00:00.000000+0000,session_optimizer_asia_gbpjpy_medium,live_policy,medium,10000.0,3,0.2121,7.099541,0.97335,0.38934,3,basket_tp_pips,30,false,false,false,
GBPUSD,london,2026-03-03T03:00:00.000000+0000,2026-03-03T10:00:00.000000+0000,2026-03-03T10:00:00.000000+0000,session_optimizer_asia_gbpusd_medium,live_policy,medium,10000.0,5,0.371709,-109.12498,109.348701,103.137951,5,basket_sl_pips,189,false,false,false,
NZDUSD,london,2026-03-03T03:00:00.000000+0000,2026-03-03T10:00:00.000000+0000,2026-03-03T10:00:00.000000+0000,session_optimizer_asia_nzdusd_medium,live_policy,medium,10000.0,1,0.07,6.37,2.821,2.821,1,basket_tp_pips,11,false,false,false,
EURJPY,london,2026-03-04T03:00:00.000000+0000,2026-03-04T10:00:00.000000+0000,2026-03-04T10:00:00.000000+0000,session_optimizer_asia_eurjpy_medium,live_policy,medium,10000.0,5,0.362854,21.785979,55.040782,55.040782,5,basket_tp_pips,186,false,false,false,
GBPJPY,london,2026-03-04T03:00:00.000000+0000,2026-03-04T10:00:00.000000+0000,2026-03-04T10:00:00.000000+0000,session_optimizer_asia_gbpjpy_medium,live_policy,medium,10000.0,0,0.0,0.0,0.0,0.0,0,event_risk_gated,0,false,true,false,
GBPUSD,london,2026-03-04T03:00:00.000000+0000,2026-03-04T10:00:00.000000+0000,2026-03-04T10:00:00.000000+0000,session_optimizer_asia_gbpusd_medium,live_policy,medium,10000.0,0,0.0,0.0,0.0,0.0,0,event_risk_gated,0,false,true,false,
NZDUSD,london,2026-03-04T03:00:00.000000+0000,2026-03-04T10:00:00.000000+0000,2026-03-04T10:00:00.000000+0000,session_optimizer_asia_nzdusd_medium,live_policy,medium,10000.0,1,0.07,6.37,0.182,0.182,1,basket_tp_pips,4,false,false,false,
EURJPY,london,2026-03-05T03:00:00.000000+0000,2026-03-05T10:00:00.000000+0000,2026-03-05T10:00:00.000000+0000,session_optimizer_asia_eurjpy_medium,live_policy,medium,10000.0,5,0.362854,21.785979,21.20368,20.94412,5,basket_tp_pips,71,false,false,false,
GBPJPY,london,2026-03-05T03:00:00.000000+0000,2026-03-05T10:00:00.000000+0000,2026-03-05T10:00:00.000000+0000,session_optimizer_asia_gbpjpy_medium,live_policy,medium,10000.0,5,0.362854,-72.481263,68.119036,67.275466,5,basket_sl_pips,182,false,false,false,
GBPUSD,london,2026-03-05T03:00:00.000000+0000,2026-03-05T10:00:00.000000+0000,2026-03-05T10:00:00.000000+0000,session_optimizer_asia_gbpusd_medium,live_policy,medium,10000.0,5,0.371709,-109.12498,104.342837,104.342837,5,basket_sl_pips,182,false,false,false,
NZDUSD,london,2026-03-05T03:00:00.000000+0000,2026-03-05T10:00:00.000000+0000,2026-03-05T10:00:00.000000+0000,session_optimizer_asia_nzdusd_medium,live_policy,medium,10000.0,1,0.07,6.37,2.821,2.821,1,basket_tp_pips,20,false,false,false,
EURJPY,london,2026-03-06T03:00:00.000000+0000,2026-03-06T10:00:00.000000+0000,2026-03-06T10:00:00.000000+0000,session_optimizer_asia_eurjpy_medium,live_policy,medium,10000.0,5,0.362854,21.785979,29.993306,28.565726,5,basket_tp_pips,273,false,false,false,
GBPJPY,london,2026-03-06T03:00:00.000000+0000,2026-03-06T10:00:00.000000+0000,2026-03-06T10:00:00.000000+0000,session_optimizer_asia_gbpjpy_medium,live_policy,medium,10000.0,5,0.362854,21.785979,64.691674,63.264094,5,basket_tp_pips,302,false,false,false,
GBPUSD,london,2026-03-06T03:00:00.000000+0000,2026-03-06T10:00:00.000000+0000,2026-03-06T10:00:00.000000+0000,session_optimizer_asia_gbpusd_medium,live_policy,medium,10000.0,3,0.2135,10.41728,6.1152,6.1152,3,basket_tp_pips,233,false,false,false,
NZDUSD,london,2026-03-06T03:00:00.000000+0000,2026-03-06T10:00:00.000000+0000,2026-03-06T10:00:00.000000+0000,session_optimizer_asia_nzdusd_medium,live_policy,medium,10000.0,1,0.07,6.37,4.095,4.095,1,basket_tp_pips,115,false,false,false,
EURJPY,london,2026-03-07T03:00:00.000000+0000,2026-03-07T10:00:00.000000+0000,2026-03-07T10:00:00.000000+0000,session_optimizer_asia_eurjpy_medium,live_policy,medium,10000.0,0,0.0,0.0,0.0,0.0,0,no_bars,0,false,false,false,
GBPJPY,london,2026-03-07T03:00:00.000000+0000,2026-03-07T10:00:00.000000+0000,2026-03-07T10:00:00.000000+0000,session_optimizer_asia_gbpjpy_medium,live_policy,medium,10000.0,0,0.0,0.0,0.0,0.0,0,no_bars,0,false,false,false,
GBPUSD,london,2026-03-07T03:00:00.000000+0000,2026-03-07T10:00:00.000000+0000,2026-03-07T10:00:00.000000+0000,session_optimizer_asia_gbpusd_medium,live_policy,medium,10000.0,0,0.0,0.0,0.0,0.0,0,no_bars,0,false,false,false,
NZDUSD,london,2026-03-07T03:00:00.000000+0000,2026-03-07T10:00:00.000000+0000,2026-03-07T10:00:00.000000+0000,session_optimizer_asia_nzdusd_medium,live_policy,medium,10000.0,0,0.0,0.0,0.0,0.0,0,no_bars,0,false,false,false,
EURJPY,london,2026-03-08T03:00:00.000000+0000,2026-03-08T10:00:00.000000+0000,2026-03-08T10:00:00.000000+0000,session_optimizer_asia_eurjpy_medium,live_policy,medium,10000.0,0,0.0,0.0,0.0,0.0,0,no_bars,0,false,false,false,
GBPJPY,london,2026-03-08T03:00:00.000000+0000,2026-03-08T10:00:00.000000+0000,2026-03-08T10:00:00.000000+0000,session_optimizer_asia_gbpjpy_medium,live_policy,medium,10000.0,0,0.0,0.0,0.0,0.0,0,no_bars,0,false,false,false,
GBPUSD,london,2026-03-08T03:00:00.000000+0000,2026-03-08T10:00:00.000000+0000,2026-03-08T10:00:00.000000+0000,session_optimizer_asia_gbpusd_medium,live_policy,medium,10000.0,0,0.0,0.0,0.0,0.0,0,no_bars,0,false,false,false,
NZDUSD,london,2026-03-08T03:00:00.000000+0000,2026-03-08T10:00:00.000000+0000,2026-03-08T10:00:00.000000+0000,session_optimizer_asia_nzdusd_medium,live_policy,medium,10000.0,0,0.0,0.0,0.0,0.0,0,no_bars,0,false,false,false,
EURJPY,london,2026-03-09T02:00:00.000000+0000,2026-03-09T10:00:00.000000+0000,2026-03-09T10:00:00.000000+0000,session_optimizer_asia_eurjpy_medium,live_policy,medium,10000.0,4,0.286363,14.360172,12.198671,9.538181,4,basket_tp_pips,19,false,false,false,
GBPJPY,london,2026-03-09T02:00:00.000000+0000,2026-03-09T10:00:00.000000+0000,2026-03-09T10:00:00.000000+0000,session_optimizer_asia_gbpjpy_medium,live_policy,medium,10000.0,5,0.362854,21.785979,21.911571,20.743551,5,basket_tp_pips,17,false,false,false,
GBPUSD,london,2026-03-09T02:00:00.000000+0000,2026-03-09T10:00:00.000000+0000,2026-03-09T10:00:00.000000+0000,session_optimizer_asia_gbpusd_medium,live_policy,medium,10000.0,4,0.290675,21.228126,12.679485,10.386285,4,basket_tp_pips,19,false,false,false,
NZDUSD,london,2026-03-09T02:00:00.000000+0000,2026-03-09T10:00:00.000000+0000,2026-03-09T10:00:00.000000+0000,session_optimizer_asia_nzdusd_medium,live_policy,medium,10000.0,5,0.386794,-128.826485,136.368968,136.368968,5,drawdown_limit,453,false,false,false,
EURJPY,london,2026-03-10T02:00:00.000000+0000,2026-03-10T10:00:00.000000+0000,2026-03-10T10:00:00.000000+0000,session_optimizer_asia_eurjpy_medium,live_policy,medium,10000.0,4,0.286363,14.360172,13.480249,12.831349,4,basket_tp_pips,191,false,false,false,
GBPJPY,london,2026-03-10T02:00:00.000000+0000,2026-03-10T10:00:00.000000+0000,2026-03-10T10:00:00.000000+0000,session_optimizer_asia_gbpjpy_medium,live_policy,medium,10000.0,3,0.2121,7.099541,3.04983,1.55736,3,basket_tp_pips,51,false,false,false,
GBPUSD,london,2026-03-10T02:00:00.000000+0000,2026-03-10T10:00:00.000000+0000,2026-03-10T10:00:00.000000+0000,session_optimizer_asia_gbpusd_medium,live_policy,medium,10000.0,4,0.290675,21.228126,14.977463,14.499713,4,basket_tp_pips,182,false,false,false,
NZDUSD,london,2026-03-10T02:00:00.000000+0000,2026-03-10T10:00:00.000000+0000,2026-03-10T10:00:00.000000+0000,session_optimizer_asia_nzdusd_medium,live_policy,medium,10000.0,1,0.07,6.37,3.094,3.094,1,basket_tp_pips,34,false,false,false,
EURJPY,london,2026-03-11T02:00:00.000000+0000,2026-03-11T10:00:00.000000+0000,2026-03-11T10:00:00.000000+0000,session_optimizer_asia_eurjpy_medium,live_policy,medium,10000.0,5,0.362854,21.785979,34.234745,31.574255,5,basket_tp_pips,316,false,false,false,
GBPJPY,london,2026-03-11T02:00:00.000000+0000,2026-03-11T10:00:00.000000+0000,2026-03-11T10:00:00.000000+0000,session_optimizer_asia_gbpjpy_medium,live_policy,medium,10000.0,3,0.2121,7.099541,4.5423,0.97335,3,basket_tp_pips,121,false,false,false,
GBPUSD,london,2026-03-11T02:00:00.000000+0000,2026-03-11T10:00:00.000000+0000,2026-03-11T10:00:00.000000+0000,session_optimizer_asia_gbpusd_medium,live_policy,medium,10000.0,3,0.2135,10.41728,3.822,2.2932,3,basket_tp_pips,52,false,false,false,
NZDUSD,london,2026-03-11T02:00:00.000000+0000,2026-03-11T10:00:00.000000+0000,2026-03-11T10:00:00.000000+0000,session_optimizer_asia_nzdusd_medium,live_policy,medium,10000.0,1,0.07,6.37,1.092,1.092,1,basket_tp_pips,11,false,false,false,
EURJPY,london,2026-03-12T02:00:00.000000+0000,2026-03-12T10:00:00.000000+0000,2026-03-12T10:00:00.000000+0000,session_optimizer_asia_eurjpy_medium,live_policy,medium,10000.0,4,0.286363,14.360172,12.464071,9.933361,4,basket_tp_pips,280,false,false,false,
GBPJPY,london,2026-03-12T02:00:00.000000+0000,2026-03-12T10:00:00.000000+0000,2026-03-12T10:00:00.000000+0000,session_optimizer_asia_gbpjpy_medium,live_policy,medium,10000.0,3,0.2121,7.099541,2.412145,0.6489,3,basket_tp_pips,35,false,false,false,
GBPUSD,london,2026-03-12T02:00:00.000000+0000,2026-03-12T10:00:00.000000+0000,2026-03-12T10:00:00.000000+0000,session_optimizer_asia_gbpusd_medium,live_policy,medium,10000.0,5,0.371709,32.449219,36.729911,35.965511,5,basket_tp_pips,303,false,false,false,
NZDUSD,london,2026-03-12T02:00:00.000000+0000,2026-03-12T10:00:00.000000+0000,2026-03-12T10:00:00.000000+0000,session_optimizer_asia_nzdusd_medium,live_policy,medium,10000.0,1,0.07,6.37,2.457,2.457,1,basket_tp_pips,28,false,false,false,
EURJPY,london,2026-03-13T02:00:00.000000+0000,2026-03-13T10:00:00.000000+0000,2026-03-13T10:00:00.000000+0000,session_optimizer_asia_eurjpy_medium,live_policy,medium,10000.0,3,0.2121,7.099541,0.97335,0.97335,3,basket_tp_pips,56,false,false,false,
GBPJPY,london,2026-03-13T02:00:00.000000+0000,2026-03-13T10:00:00.000000+0000,2026-03-13T10:00:00.000000+0000,session_optimizer_asia_gbpjpy_medium,live_policy,medium,10000.0,3,0.2121,7.099541,1.55736,1.16802,3,basket_tp_pips,51,false,false,false,
GBPUSD,london,2026-03-13T02:00:00.000000+0000,2026-03-13T10:00:00.000000+0000,2026-03-13T10:00:00.000000+0000,session_optimizer_asia_gbpusd_medium,live_policy,medium,10000.0,5,0.371709,-109.12498,108.113002,105.246502,5,basket_sl_pips,302,false,false,false,
NZDUSD,london,2026-03-13T02:00:00.000000+0000,2026-03-13T10:00:00.000000+0000,2026-03-13T10:00:00.000000+0000,session_optimizer_asia_nzdusd_medium,live_policy,medium,10000.0,1,0.07,6.37,4.732,4.732,1,basket_tp_pips,45,false,false,false,
EURJPY,london,2026-03-14T02:00:00.000000+0000,2026-03-14T10:00:00.000000+0000,2026-03-14T10:00:00.000000+0000,session_optimizer_asia_eurjpy_medium,live_policy,medium,10000.0,0,0.0,0.0,0.0,0.0,0,no_bars,0,false,false,false,
GBPJPY,london,2026-03-14T02:00:00.000000+0000,2026-03-14T10:00:00.000000+0000,2026-03-14T10:00:00.000000+0000,session_optimizer_asia_gbpjpy_medium,live_policy,medium,10000.0,0,0.0,0.0,0.0,0.0,0,no_bars,0,false,false,false,
GBPUSD,london,2026-03-14T02:00:00.000000+0000,2026-03-14T10:00:00.000000+0000,2026-03-14T10:00:00.000000+0000,session_optimizer_asia_gbpusd_medium,live_policy,medium,10000.0,0,0.0,0.0,0.0,0.0,0,no_bars,0,false,false,false,
NZDUSD,london,2026-03-14T02:00:00.000000+0000,2026-03-14T10:00:00.000000+0000,2026-03-14T10:00:00.000000+0000,session_optimizer_asia_nzdusd_medium,live_policy,medium,10000.0,0,0.0,0.0,0.0,0.0,0,no_bars,0,false,false,false,
EURJPY,london,2026-03-15T02:00:00.000000+0000,2026-03-15T10:00:00.000000+0000,2026-03-15T10:00:00.000000+0000,session_optimizer_asia_eurjpy_medium,live_policy,medium,10000.0,0,0.0,0.0,0.0,0.0,0,no_bars,0,false,false,false,
GBPJPY,london,2026-03-15T02:00:00.000000+0000,2026-03-15T10:00:00.000000+0000,2026-03-15T10:00:00.000000+0000,session_optimizer_asia_gbpjpy_medium,live_policy,medium,10000.0,0,0.0,0.0,0.0,0.0,0,no_bars,0,false,false,false,
GBPUSD,london,2026-03-15T02:00:00.000000+0000,2026-03-15T10:00:00.000000+0000,2026-03-15T10:00:00.000000+0000,session_optimizer_asia_gbpusd_medium,live_policy,medium,10000.0,0,0.0,0.0,0.0,0.0,0,no_bars,0,false,false,false,
NZDUSD,london,2026-03-15T02:00:00.000000+0000,2026-03-15T10:00:00.000000+0000,2026-03-15T10:00:00.000000+0000,session_optimizer_asia_nzdusd_medium,live_policy,medium,10000.0,0,0.0,0.0,0.0,0.0,0,no_bars,0,false,false,false,
EURJPY,london,2026-03-16T02:00:00.000000+0000,2026-03-16T10:00:00.000000+0000,2026-03-16T10:00:00.000000+0000,session_optimizer_asia_eurjpy_medium,live_policy,medium,10000.0,5,0.358463,20.302554,12.77749,11.909262,5,basket_tp_pips,181,false,false,false,
GBPJPY,london,2026-03-16T02:00:00.000000+0000,2026-03-16T10:00:00.000000+0000,2026-03-16T10:00:00.000000+0000,session_optimizer_asia_gbpjpy_medium,live_policy,medium,10000.0,4,0.286363,14.360172,12.77749,11.250628,4,basket_tp_pips,192,false,false,false,
GBPUSD,london,2026-03-16T02:00:00.000000+0000,2026-03-16T10:00:00.000000+0000,2026-03-16T10:00:00.000000+0000,session_optimizer_asia_gbpusd_medium,live_policy,medium,10000.0,3,0.2135,10.41728,5.733,0.9555,3,basket_tp_pips,92,false,false,false,
NZDUSD,london,2026-03-16T02:00:00.000000+0000,2026-03-16T10:00:00.000000+0000,2026-03-16T10:00:00.000000+0000,session_optimizer_asia_nzdusd_medium,live_policy,medium,10000.0,2,0.1435,13.0585,12.8674,12.5034,2,basket_tp_pips,184,false,false,false,
EURJPY,london,2026-03-17T02:00:00.000000+0000,2026-03-17T10:00:00.000000+0000,2026-03-17T10:00:00.000000+0000,session_optimizer_asia_eurjpy_medium,live_policy,medium,10000.0,5,0.362854,21.785979,44.125092,39.797568,5,basket_tp_pips,404,false,false,false,
GBPJPY,london,2026-03-17T02:00:00.000000+0000,2026-03-17T10:00:00.000000+0000,2026-03-17T10:00:00.000000+0000,session_optimizer_asia_gbpjpy_medium,live_policy,medium,10000.0,5,0.362854,21.785979,67.20705,61.860114,5,basket_tp_pips,404,false,false,false,
GBPUSD,london,2026-03-17T02:00:00.000000+0000,2026-03-17T10:00:00.000000+0000,2026-03-17T10:00:00.000000+0000,session_optimizer_asia_gbpusd_medium,live_policy,medium,10000.0,3,0.2135,10.41728,1.911,0.3822,3,basket_tp_pips,166,false,false,false,
NZDUSD,london,2026-03-17T02:00:00.000000+0000,2026-03-17T10:00:00.000000+0000,2026-03-17T10:00:00.000000+0000,session_optimizer_asia_nzdusd_medium,live_policy,medium,10000.0,1,0.07,6.37,2.912,2.366,1,basket_tp_pips,53,false,false,false,
EURJPY,london,2026-03-18T02:00:00.000000+0000,2026-03-18T10:00:00.000000+0000,2026-03-18T10:00:00.000000+0000,session_optimizer_asia_eurjpy_medium,live_policy,medium,10000.0,4,0.286363,14.360172,8.934184,7.701274,4,basket_tp_pips,130,false,false,false,
GBPJPY,london,2026-03-18T02:00:00.000000+0000,2026-03-18T10:00:00.000000+0000,2026-03-18T10:00:00.000000+0000,session_optimizer_asia_gbpjpy_medium,live_policy,medium,10000.0,4,0.286363,14.360172,12.827455,12.567895,4,basket_tp_pips,88,false,false,false,
GBPUSD,london,2026-03-18T02:00:00.000000+0000,2026-03-18T10:00:00.000000+0000,2026-03-18T10:00:00.000000+0000,session_optimizer_asia_gbpusd_medium,live_policy,medium,10000.0,4,0.290675,21.228126,20.151495,19.004895,4,basket_tp_pips,334,false,false,false,
NZDUSD,london,2026-03-18T02:00:00.000000+0000,2026-03-18T10:00:00.000000+0000,2026-03-18T10:00:00.000000+0000,session_optimizer_asia_nzdusd_medium,live_policy,medium,10000.0,1,0.07,6.37,1.456,1.456,1,basket_tp_pips,15,false,false,false,
EURJPY,london,2026-03-19T02:00:00.000000+0000,2026-03-19T10:00:00.000000+0000,2026-03-19T10:00:00.000000+0000,session_optimizer_asia_eurjpy_medium,live_policy,medium,10000.0,4,0.286363,14.360172,14.148616,14.148616,4,basket_tp_pips,106,false,false,false,
GBPJPY,london,2026-03-19T02:00:00.000000+0000,2026-03-19T10:00:00.000000+0000,2026-03-19T10:00:00.000000+0000,session_optimizer_asia_gbpjpy_medium,live_policy,medium,10000.0,3,0.2121,7.099541,1.2978,0.6489,3,basket_tp_pips,8,false,false,false,
GBPUSD,london,2026-03-19T02:00:00.000000+0000,2026-03-19T10:00:00.000000+0000,2026-03-19T10:00:00.000000+0000,session_optimizer_asia_gbpusd_medium,live_policy,medium,10000.0,3,0.2135,10.41728,6.4974,6.4974,3,basket_tp_pips,121,false,false,false,
NZDUSD,london,2026-03-19T02:00:00.000000+0000,2026-03-19T10:00:00.000000+0000,2026-03-19T10:00:00.000000+0000,session_optimizer_asia_nzdusd_medium,live_policy,medium,10000.0,2,0.1435,13.0585,20.41585,19.77885,2,basket_tp_pips,222,false,false,false,
EURJPY,london,2026-03-20T02:00:00.000000+0000,2026-03-20T10:00:00.000000+0000,2026-03-20T10:00:00.000000+0000,session_optimizer_asia_eurjpy_medium,live_policy,medium,10000.0,5,0.362854,-72.481263,73.207539,68.278309,5,basket_sl_pips,401,false,false,false,
GBPJPY,london,2026-03-20T02:00:00.000000+0000,2026-03-20T10:00:00.000000+0000,2026-03-20T10:00:00.000000+0000,session_optimizer_asia_gbpjpy_medium,live_policy,medium,10000.0,5,0.362854,-72.481263,78.82346,70.083427,5,basket_sl_pips,346,false,false,false,
GBPUSD,london,2026-03-20T02:00:00.000000+0000,2026-03-20T10:00:00.000000+0000,2026-03-20T10:00:00.000000+0000,session_optimizer_asia_gbpusd_medium,live_policy,medium,10000.0,4,0.290675,21.228126,23.5053,12.736815,4,basket_tp_pips,309,false,false,false,
NZDUSD,london,2026-03-20T02:00:00.000000+0000,2026-03-20T10:00:00.000000+0000,2026-03-20T10:00:00.000000+0000,session_optimizer_asia_nzdusd_medium,live_policy,medium,10000.0,1,0.07,6.37,6.825,6.734,1,basket_tp_pips,229,false,false,false,
EURJPY,london,2026-03-21T02:00:00.000000+0000,2026-03-21T10:00:00.000000+0000,2026-03-21T10:00:00.000000+0000,session_optimizer_asia_eurjpy_medium,live_policy,medium,10000.0,0,0.0,0.0,0.0,0.0,0,no_bars,0,false,false,false,
GBPJPY,london,2026-03-21T02:00:00.000000+0000,2026-03-21T10:00:00.000000+0000,2026-03-21T10:00:00.000000+0000,session_optimizer_asia_gbpjpy_medium,live_policy,medium,10000.0,0,0.0,0.0,0.0,0.0,0,no_bars,0,false,false,false,
GBPUSD,london,2026-03-21T02:00:00.000000+0000,2026-03-21T10:00:00.000000+0000,2026-03-21T10:00:00.000000+0000,session_optimizer_asia_gbpusd_medium,live_policy,medium,10000.0,0,0.0,0.0,0.0,0.0,0,no_bars,0,false,false,false,
NZDUSD,london,2026-03-21T02:00:00.000000+0000,2026-03-21T10:00:00.000000+0000,2026-03-21T10:00:00.000000+0000,session_optimizer_asia_nzdusd_medium,live_policy,medium,10000.0,0,0.0,0.0,0.0,0.0,0,no_bars,0,false,false,false,
EURJPY,london,2026-03-22T02:00:00.000000+0000,2026-03-22T10:00:00.000000+0000,2026-03-22T10:00:00.000000+0000,session_optimizer_asia_eurjpy_medium,live_policy,medium,10000.0,0,0.0,0.0,0.0,0.0,0,no_bars,0,false,false,false,
GBPJPY,london,2026-03-22T02:00:00.000000+0000,2026-03-22T10:00:00.000000+0000,2026-03-22T10:00:00.000000+0000,session_optimizer_asia_gbpjpy_medium,live_policy,medium,10000.0,0,0.0,0.0,0.0,0.0,0,no_bars,0,false,false,false,
GBPUSD,london,2026-03-22T02:00:00.000000+0000,2026-03-22T10:00:00.000000+0000,2026-03-22T10:00:00.000000+0000,session_optimizer_asia_gbpusd_medium,live_policy,medium,10000.0,0,0.0,0.0,0.0,0.0,0,no_bars,0,false,false,false,
NZDUSD,london,2026-03-22T02:00:00.000000+0000,2026-03-22T10:00:00.000000+0000,2026-03-22T10:00:00.000000+0000,session_optimizer_asia_nzdusd_medium,live_policy,medium,10000.0,0,0.0,0.0,0.0,0.0,0,no_bars,0,false,false,false,
EURJPY,london,2026-03-23T02:00:00.000000+0000,2026-03-23T10:00:00.000000+0000,2026-03-23T10:00:00.000000+0000,session_optimizer_asia_eurjpy_medium,live_policy,medium,10000.0,5,0.362854,-72.481263,74.210382,71.08627,5,basket_sl_pips,412,false,false,false,
GBPJPY,london,2026-03-23T02:00:00.000000+0000,2026-03-23T10:00:00.000000+0000,2026-03-23T10:00:00.000000+0000,session_optimizer_asia_gbpjpy_medium,live_policy,medium,10000.0,4,0.286363,14.360172,6.113287,6.113287,4,basket_tp_pips,22,false,false,false,
GBPUSD,london,2026-03-23T02:00:00.000000+0000,2026-03-23T10:00:00.000000+0000,2026-03-23T10:00:00.000000+0000,session_optimizer_asia_gbpusd_medium,live_policy,medium,10000.0,5,0.371709,-109.12498,113.091636,105.848946,5,basket_sl_pips,286,false,false,false,
NZDUSD,london,2026-03-23T02:00:00.000000+0000,2026-03-23T10:00:00.000000+0000,2026-03-23T10:00:00.000000+0000,session_optimizer_asia_nzdusd_medium,live_policy,medium,10000.0,1,0.07,6.37,3.185,3.185,1,basket_tp_pips,33,false,false,false,
EURJPY,london,2026-03-24T02:00:00.000000+0000,2026-03-24T10:00:00.000000+0000,2026-03-24T10:00:00.000000+0000,session_optimizer_asia_eurjpy_medium,live_policy,medium,10000.0,4,0.286363,14.360172,8.955061,5.775451,4,basket_tp_pips,97,false,false,false,
GBPJPY,london,2026-03-24T02:00:00.000000+0000,2026-03-24T10:00:00.000000+0000,2026-03-24T10:00:00.000000+0000,session_optimizer_asia_gbpjpy_medium,live_policy,medium,10000.0,3,0.2121,7.099541,1.708797,1.708797,3,basket_tp_pips,13,false,false,false,
GBPUSD,london,2026-03-24T02:00:00.000000+0000,2026-03-24T10:00:00.000000+0000,2026-03-24T10:00:00.000000+0000,session_optimizer_asia_gbpusd_medium,live_policy,medium,10000.0,3,0.2135,10.41728,7.4529,6.59295,3,basket_tp_pips,133,false,false,false,
NZDUSD,london,2026-03-24T02:00:00.000000+0000,2026-03-24T10:00:00.000000+0000,2026-03-24T10:00:00.000000+0000,session_optimizer_asia_nzdusd_medium,live_policy,medium,10000.0,1,0.07,6.37,5.642,5.642,1,basket_tp_pips,93,false,false,false,
EURJPY,london,2026-03-25T02:00:00.000000+0000,2026-03-25T10:00:00.000000+0000,2026-03-25T10:00:00.000000+0000,session_optimizer_asia_eurjpy_medium,live_policy,medium,10000.0,3,0.2121,7.099541,3.2445,1.81692,3,basket_tp_pips,35,false,false,false,
GBPJPY,london,2026-03-25T02:00:00.000000+0000,2026-03-25T10:00:00.000000+0000,2026-03-25T10:00:00.000000+0000,session_optimizer_asia_gbpjpy_medium,live_policy,medium,10000.0,4,0.286363,14.360172,11.852807,8.089187,4,basket_tp_pips,143,false,false,false,
GBPUSD,london,2026-03-25T02:00:00.000000+0000,2026-03-25T10:00:00.000000+0000,2026-03-25T10:00:00.000000+0000,session_optimizer_asia_gbpusd_medium,live_policy,medium,10000.0,5,0.371709,32.449219,90.363374,85.667092,5,basket_tp_pips,371,false,false,false,
NZDUSD,london,2026-03-25T02:00:00.000000+0000,2026-03-25T10:00:00.000000+0000,2026-03-25T10:00:00.000000+0000,session_optimizer_asia_nzdusd_medium,live_policy,medium,10000.0,1,0.07,6.37,1.092,1.092,1,basket_tp_pips,9,false,false,false,
EURJPY,london,2026-03-26T02:00:00.000000+0000,2026-03-26T10:00:00.000000+0000,2026-03-26T10:00:00.000000+0000,session_optimizer_asia_eurjpy_medium,live_policy,medium,10000.0,3,0.2121,7.099541,3.2445,3.11472,3,basket_tp_pips,88,false,false,false,
GBPJPY,london,2026-03-26T02:00:00.000000+0000,2026-03-26T10:00:00.000000+0000,2026-03-26T10:00:00.000000+0000,session_optimizer_asia_gbpjpy_medium,live_policy,medium,10000.0,4,0.286363,14.360172,10.106617,8.484367,4,basket_tp_pips,92,false,false,false,
GBPUSD,london,2026-03-26T02:00:00.000000+0000,2026-03-26T10:00:00.000000+0000,2026-03-26T10:00:00.000000+0000,session_optimizer_asia_gbpusd_medium,live_policy,medium,10000.0,3,0.2135,10.41728,6.40185,6.40185,3,basket_tp_pips,92,false,false,false,
NZDUSD,london,2026-03-26T02:00:00.000000+0000,2026-03-26T10:00:00.000000+0000,2026-03-26T10:00:00.000000+0000,session_optimizer_asia_nzdusd_medium,live_policy,medium,10000.0,1,0.07,6.37,2.366,1.456,1,basket_tp_pips,35,false,false,false,
EURJPY,london,2026-03-27T02:00:00.000000+0000,2026-03-27T10:00:00.000000+0000,2026-03-27T10:00:00.000000+0000,session_optimizer_asia_eurjpy_medium,live_policy,medium,10000.0,3,0.2121,7.099541,2.66049,1.75203,3,basket_tp_pips,54,false,false,false,
GBPJPY,london,2026-03-27T02:00:00.000000+0000,2026-03-27T10:00:00.000000+0000,2026-03-27T10:00:00.000000+0000,session_optimizer_asia_gbpjpy_medium,live_policy,medium,10000.0,3,0.2121,7.099541,2.98494,1.81692,3,basket_tp_pips,65,false,false,false,
GBPUSD,london,2026-03-27T02:00:00.000000+0000,2026-03-27T10:00:00.000000+0000,2026-03-27T10:00:00.000000+0000,session_optimizer_asia_gbpusd_medium,live_policy,medium,10000.0,3,0.2135,10.41728,4.7775,1.911,3,basket_tp_pips,188,false,false,false,
NZDUSD,london,2026-03-27T02:00:00.000000+0000,2026-03-27T10:00:00.000000+0000,2026-03-27T10:00:00.000000+0000,session_optimizer_asia_nzdusd_medium,live_policy,medium,10000.0,2,0.1435,13.0585,13.80925,13.80925,2,basket_tp_pips,342,false,false,false,
EURJPY,london,2026-03-28T02:00:00.000000+0000,2026-03-28T10:00:00.000000+0000,2026-03-28T10:00:00.000000+0000,session_optimizer_asia_eurjpy_medium,live_policy,medium,10000.0,0,0.0,0.0,0.0,0.0,0,no_bars,0,false,false,false,
GBPJPY,london,2026-03-28T02:00:00.000000+0000,2026-03-28T10:00:00.000000+0000,2026-03-28T10:00:00.000000+0000,session_optimizer_asia_gbpjpy_medium,live_policy,medium,10000.0,0,0.0,0.0,0.0,0.0,0,no_bars,0,false,false,false,
GBPUSD,london,2026-03-28T02:00:00.000000+0000,2026-03-28T10:00:00.000000+0000,2026-03-28T10:00:00.000000+0000,session_optimizer_asia_gbpusd_medium,live_policy,medium,10000.0,0,0.0,0.0,0.0,0.0,0,no_bars,0,false,false,false,
NZDUSD,london,2026-03-28T02:00:00.000000+0000,2026-03-28T10:00:00.000000+0000,2026-03-28T10:00:00.000000+0000,session_optimizer_asia_nzdusd_medium,live_policy,medium,10000.0,0,0.0,0.0,0.0,0.0,0,no_bars,0,false,false,false,
EURJPY,london,2026-03-29T02:00:00.000000+0000,2026-03-29T10:00:00.000000+0000,2026-03-29T10:00:00.000000+0000,session_optimizer_asia_eurjpy_medium,live_policy,medium,10000.0,0,0.0,0.0,0.0,0.0,0,no_bars,0,false,false,false,
GBPJPY,london,2026-03-29T02:00:00.000000+0000,2026-03-29T10:00:00.000000+0000,2026-03-29T10:00:00.000000+0000,session_optimizer_asia_gbpjpy_medium,live_policy,medium,10000.0,0,0.0,0.0,0.0,0.0,0,no_bars,0,false,false,false,
GBPUSD,london,2026-03-29T02:00:00.000000+0000,2026-03-29T10:00:00.000000+0000,2026-03-29T10:00:00.000000+0000,session_optimizer_asia_gbpusd_medium,live_policy,medium,10000.0,0,0.0,0.0,0.0,0.0,0,no_bars,0,false,false,false,
NZDUSD,london,2026-03-29T02:00:00.000000+0000,2026-03-29T10:00:00.000000+0000,2026-03-29T10:00:00.000000+0000,session_optimizer_asia_nzdusd_medium,live_policy,medium,10000.0,0,0.0,0.0,0.0,0.0,0,no_bars,0,false,false,false,
EURJPY,london,2026-03-30T02:00:00.000000+0000,2026-03-30T10:00:00.000000+0000,2026-03-30T10:00:00.000000+0000,session_optimizer_asia_eurjpy_medium,live_policy,medium,10000.0,3,0.2121,7.099541,4.5423,2.72538,3,basket_tp_pips,86,false,false,false,
GBPJPY,london,2026-03-30T02:00:00.000000+0000,2026-03-30T10:00:00.000000+0000,2026-03-30T10:00:00.000000+0000,session_optimizer_asia_gbpjpy_medium,live_policy,medium,10000.0,4,0.286363,14.360172,6.586335,5.98156,4,basket_tp_pips,47,false,false,false,
GBPUSD,london,2026-03-30T02:00:00.000000+0000,2026-03-30T10:00:00.000000+0000,2026-03-30T10:00:00.000000+0000,session_optimizer_asia_gbpusd_medium,live_policy,medium,10000.0,5,0.371709,32.449219,49.190123,48.616823,5,basket_tp_pips,305,false,false,false,
NZDUSD,london,2026-03-30T02:00:00.000000+0000,2026-03-30T10:00:00.000000+0000,2026-03-30T10:00:00.000000+0000,session_optimizer_asia_nzdusd_medium,live_policy,medium,10000.0,1,0.07,6.37,1.547,1.547,1,basket_tp_pips,5,false,false,false,
EURJPY,london,2026-03-31T02:00:00.000000+0000,2026-03-31T10:00:00.000000+0000,2026-03-31T10:00:00.000000+0000,session_optimizer_asia_eurjpy_medium,live_policy,medium,10000.0,5,0.362854,-15.729336,70.484564,70.484564,5,session_close,480,false,false,false,
GBPJPY,london,2026-03-31T02:00:00.000000+0000,2026-03-31T10:00:00.000000+0000,2026-03-31T10:00:00.000000+0000,session_optimizer_asia_gbpjpy_medium,live_policy,medium,10000.0,5,0.362854,-72.481263,72.991679,69.682289,5,basket_sl_pips,193,false,false,false,
GBPUSD,london,2026-03-31T02:00:00.000000+0000,2026-03-31T10:00:00.000000+0000,2026-03-31T10:00:00.000000+0000,session_optimizer_asia_gbpusd_medium,live_policy,medium,10000.0,4,0.290675,21.228126,12.736815,12.736815,4,basket_tp_pips,230,false,false,false,
NZDUSD,london,2026-03-31T02:00:00.000000+0000,2026-03-31T10:00:00.000000+0000,2026-03-31T10:00:00.000000+0000,session_optimizer_asia_nzdusd_medium,live_policy,medium,10000.0,1,0.07,6.37,3.64,1.456,1,basket_tp_pips,33,false,false,false,
EURJPY,london,2026-04-01T02:00:00.000000+0000,2026-04-01T10:00:00.000000+0000,2026-04-01T10:00:00.000000+0000,session_optimizer_asia_eurjpy_medium,live_policy,medium,10000.0,0,0.0,0.0,0.0,0.0,0,no_bars,0,false,false,false,
GBPJPY,london,2026-04-01T02:00:00.000000+0000,2026-04-01T10:00:00.000000+0000,2026-04-01T10:00:00.000000+0000,session_optimizer_asia_gbpjpy_medium,live_policy,medium,10000.0,0,0.0,0.0,0.0,0.0,0,no_bars,0,false,false,false,
GBPUSD,london,2026-04-01T02:00:00.000000+0000,2026-04-01T10:00:00.000000+0000,2026-04-01T10:00:00.000000+0000,session_optimizer_asia_gbpusd_medium,live_policy,medium,10000.0,0,0.0,0.0,0.0,0.0,0,no_bars,0,false,false,false,
NZDUSD,london,2026-04-01T02:00:00.000000+0000,2026-04-01T10:00:00.000000+0000,2026-04-01T10:00:00.000000+0000,session_optimizer_asia_nzdusd_medium,live_policy,medium,10000.0,0,0.0,0.0,0.0,0.0,0,no_bars,0,false,false,false,
