pair,session_name,session_start_utc,session_end_utc,managed_close_start_utc,policy_id,policy_source,risk_mode,account_equity,trade_count,gross_lots,realized_pnl,max_drawdown,max_adverse_excursion,max_open_legs,exit_reason,bars_processed,entered_managed_close,gated_by_event_risk,gated_by_entry_intent,derived_entry_direction
EURJPY,london,2026-03-02T03:00:00.000000+0000,2026-03-02T10:00:00.000000+0000,2026-03-02T10:00:00.000000+0000,both_sides_normal,live_policy,medium,10000.0,3,0.224,7.766182,2.9484,2.3436,3,basket_tp_pips,29,false,false,false,
GBPJPY,london,2026-03-02T03:00:00.000000+0000,2026-03-02T10:00:00.000000+0000,2026-03-02T10:00:00.000000+0000,session_optimizer_new_york_gbpjpy_medium,live_policy,medium,10000.0,5,0.358463,15.111927,21.989274,14.497724,5,basket_tp_pips,204,false,false,false,
GBPUSD,london,2026-03-02T03:00:00.000000+0000,2026-03-02T10:00:00.000000+0000,2026-03-02T10:00:00.000000+0000,session_optimizer_new_york_gbpusd_medium,live_policy,medium,10000.0,4,0.290675,20.368138,11.919862,7.715663,4,basket_tp_pips,80,false,false,false,
NZDUSD,london,2026-03-02T03:00:00.000000+0000,2026-03-02T10:00:00.000000+0000,2026-03-02T10:00:00.000000+0000,session_optimizer_new_york_nzdusd_medium,live_policy,medium,10000.0,2,0.1435,14.924,12.6854,10.33305,2,basket_tp_pips,68,false,false,false,
EURJPY,london,2026-03-03T03:00:00.000000+0000,2026-03-03T10:00:00.000000+0000,2026-03-03T10:00:00.000000+0000,both_sides_normal,live_policy,medium,10000.0,3,0.224,7.766182,2.268,0.9828,3,basket_tp_pips,19,false,false,false,
GBPJPY,london,2026-03-03T03:00:00.000000+0000,2026-03-03T10:00:00.000000+0000,2026-03-03T10:00:00.000000+0000,session_optimizer_new_york_gbpjpy_medium,live_policy,medium,10000.0,5,0.358463,15.111927,2.606631,0.90846,5,basket_tp_pips,39,false,false,false,
GBPUSD,london,2026-03-03T03:00:00.000000+0000,2026-03-03T10:00:00.000000+0000,2026-03-03T10:00:00.000000+0000,session_optimizer_new_york_gbpusd_medium,live_policy,medium,10000.0,5,0.364175,-35.755477,52.772265,34.689428,5,basket_sl_pips,253,false,false,false,
NZDUSD,london,2026-03-03T03:00:00.000000+0000,2026-03-03T10:00:00.000000+0000,2026-03-03T10:00:00.000000+0000,session_optimizer_new_york_nzdusd_medium,live_policy,medium,10000.0,1,0.07,7.28,2.821,2.821,1,basket_tp_pips,22,false,false,false,
EURJPY,london,2026-03-04T03:00:00.000000+0000,2026-03-04T10:00:00.000000+0000,2026-03-04T10:00:00.000000+0000,both_sides_normal,live_policy,medium,10000.0,3,0.224,7.766182,34.02,29.1816,3,basket_tp_pips,206,false,false,false,
GBPJPY,london,2026-03-04T03:00:00.000000+0000,2026-03-04T10:00:00.000000+0000,2026-03-04T10:00:00.000000+0000,session_optimizer_new_york_gbpjpy_medium,live_policy,medium,10000.0,0,0.0,0.0,0.0,0.0,0,event_risk_gated,0,false,true,false,
GBPUSD,london,2026-03-04T03:00:00.000000+0000,2026-03-04T10:00:00.000000+0000,2026-03-04T10:00:00.000000+0000,session_optimizer_new_york_gbpusd_medium,live_policy,medium,10000.0,0,0.0,0.0,0.0,0.0,0,event_risk_gated,0,false,true,false,
NZDUSD,london,2026-03-04T03:00:00.000000+0000,2026-03-04T10:00:00.000000+0000,2026-03-04T10:00:00.000000+0000,session_optimizer_new_york_nzdusd_medium,live_policy,medium,10000.0,1,0.07,7.28,0.182,0.182,1,basket_tp_pips,5,false,false,false,
EURJPY,london,2026-03-05T03:00:00.000000+0000,2026-03-05T10:00:00.000000+0000,2026-03-05T10:00:00.000000+0000,both_sides_normal,live_policy,medium,10000.0,3,0.224,7.766182,24.948,21.6216,3,basket_tp_pips,299,false,false,false,
GBPJPY,london,2026-03-05T03:00:00.000000+0000,2026-03-05T10:00:00.000000+0000,2026-03-05T10:00:00.000000+0000,session_optimizer_new_york_gbpjpy_medium,live_policy,medium,10000.0,5,0.362854,-95.442939,89.456569,89.456569,5,basket_sl_pips,189,false,false,false,
GBPUSD,london,2026-03-05T03:00:00.000000+0000,2026-03-05T10:00:00.000000+0000,2026-03-05T10:00:00.000000+0000,session_optimizer_new_york_gbpusd_medium,live_policy,medium,10000.0,5,0.371709,-143.508538,142.891819,142.891819,5,basket_sl_pips,194,false,false,false,
NZDUSD,london,2026-03-05T03:00:00.000000+0000,2026-03-05T10:00:00.000000+0000,2026-03-05T10:00:00.000000+0000,session_optimizer_new_york_nzdusd_medium,live_policy,medium,10000.0,1,0.07,7.28,2.821,2.821,1,basket_tp_pips,22,false,false,false,
EURJPY,london,2026-03-06T03:00:00.000000+0000,2026-03-06T10:00:00.000000+0000,2026-03-06T10:00:00.000000+0000,both_sides_normal,live_policy,medium,10000.0,3,0.224,7.766182,19.2024,19.2024,3,basket_tp_pips,302,false,false,false,
GBPJPY,london,2026-03-06T03:00:00.000000+0000,2026-03-06T10:00:00.000000+0000,2026-03-06T10:00:00.000000+0000,session_optimizer_new_york_gbpjpy_medium,live_policy,medium,10000.0,5,0.358463,15.111927,25.798966,18.708436,5,basket_tp_pips,395,false,false,false,
GBPUSD,london,2026-03-06T03:00:00.000000+0000,2026-03-06T10:00:00.000000+0000,2026-03-06T10:00:00.000000+0000,session_optimizer_new_york_gbpusd_medium,live_policy,medium,10000.0,5,0.364175,22.434473,6.21075,2.4843,5,basket_tp_pips,233,false,false,false,
NZDUSD,london,2026-03-06T03:00:00.000000+0000,2026-03-06T10:00:00.000000+0000,2026-03-06T10:00:00.000000+0000,session_optimizer_new_york_nzdusd_medium,live_policy,medium,10000.0,1,0.07,7.28,4.095,4.095,1,basket_tp_pips,117,false,false,false,
EURJPY,london,2026-03-07T03:00:00.000000+0000,2026-03-07T10:00:00.000000+0000,2026-03-07T10:00:00.000000+0000,both_sides_normal,live_policy,medium,10000.0,0,0.0,0.0,0.0,0.0,0,no_bars,0,false,false,false,
GBPJPY,london,2026-03-07T03:00:00.000000+0000,2026-03-07T10:00:00.000000+0000,2026-03-07T10:00:00.000000+0000,session_optimizer_new_york_gbpjpy_medium,live_policy,medium,10000.0,0,0.0,0.0,0.0,0.0,0,no_bars,0,false,false,false,
GBPUSD,london,2026-03-07T03:00:00.000000+0000,2026-03-07T10:00:00.000000+0000,2026-03-07T10:00:00.000000+0000,session_optimizer_new_york_gbpusd_medium,live_policy,medium,10000.0,0,0.0,0.0,0.0,0.0,0,no_bars,0,false,false,false,
NZDUSD,london,2026-03-07T03:00:00.000000+0000,2026-03-07T10:00:00.000000+0000,2026-03-07T10:00:00.000000+0000,session_optimizer_new_york_nzdusd_medium,live_policy,medium,10000.0,0,0.0,0.0,0.0,0.0,0,no_bars,0,false,false,false,
EURJPY,london,2026-03-08T03:00:00.000000+0000,2026-03-08T10:00:00.000000+0000,2026-03-08T10:00:00.000000+0000,both_sides_normal,live_policy,medium,10000.0,0,0.0,0.0,0.0,0.0,0,no_bars,0,false,false,false,
GBPJPY,london,2026-03-08T03:00:00.000000+0000,2026-03-08T10:00:00.000000+0000,2026-03-08T10:00:00.000000+0000,session_optimizer_new_york_gbpjpy_medium,live_policy,medium,10000.0,0,0.0,0.0,0.0,0.0,0,no_bars,0,false,false,false,
GBPUSD,london,2026-03-08T03:00:00.000000+0000,2026-03-08T10:00:00.000000+0000,2026-03-08T10:00:00.000000+0000,session_optimizer_new_york_gbpusd_medium,live_policy,medium,10000.0,0,0.0,0.0,0.0,0.0,0,no_bars,0,false,false,false,
NZDUSD,london,2026-03-08T03:00:00.000000+0000,2026-03-08T10:00:00.000000+0000,2026-03-08T10:00:00.000000+0000,session_optimizer_new_york_nzdusd_medium,live_policy,medium,10000.0,0,0.0,0.0,0.0,0.0,0,no_bars,0,false,false,false,
EURJPY,london,2026-03-09T02:00:00.000000+0000,2026-03-09T10:00:00.000000+0000,2026-03-09T10:00:00.000000+0000,both_sides_normal,live_policy,medium,10000.0,3,0.224,-36.081818,36.1368,35.3052,3,basket_sl_pips,203,false,false,false,
GBPJPY,london,2026-03-09T02:00:00.000000+0000,2026-03-09T10:00:00.000000+0000,2026-03-09T10:00:00.000000+0000,session_optimizer_new_york_gbpjpy_medium,live_policy,medium,10000.0,5,0.362854,-95.442939,101.888849,93.267373,5,basket_sl_pips,335,false,false,false,
GBPUSD,london,2026-03-09T02:00:00.000000+0000,2026-03-09T10:00:00.000000+0000,2026-03-09T10:00:00.000000+0000,session_optimizer_new_york_gbpusd_medium,live_policy,medium,10000.0,5,0.371709,31.200048,21.800696,21.800696,5,basket_tp_pips,19,false,false,false,
NZDUSD,london,2026-03-09T02:00:00.000000+0000,2026-03-09T10:00:00.000000+0000,2026-03-09T10:00:00.000000+0000,session_optimizer_new_york_nzdusd_medium,live_policy,medium,10000.0,4,0.301709,-135.690121,141.573446,141.573446,4,drawdown_limit,453,false,false,false,
EURJPY,london,2026-03-10T02:00:00.000000+0000,2026-03-10T10:00:00.000000+0000,2026-03-10T10:00:00.000000+0000,both_sides_normal,live_policy,medium,10000.0,3,0.224,7.766182,0.2268,0.2268,3,basket_tp_pips,11,false,false,false,
GBPJPY,london,2026-03-10T02:00:00.000000+0000,2026-03-10T10:00:00.000000+0000,2026-03-10T10:00:00.000000+0000,session_optimizer_new_york_gbpjpy_medium,live_policy,medium,10000.0,4,0.286363,13.7502,6.191155,3.771407,4,basket_tp_pips,51,false,false,false,
GBPUSD,london,2026-03-10T02:00:00.000000+0000,2026-03-10T10:00:00.000000+0000,2026-03-10T10:00:00.000000+0000,session_optimizer_new_york_gbpusd_medium,live_policy,medium,10000.0,5,0.364175,22.434473,12.0393,1.62435,5,basket_tp_pips,185,false,false,false,
NZDUSD,london,2026-03-10T02:00:00.000000+0000,2026-03-10T10:00:00.000000+0000,2026-03-10T10:00:00.000000+0000,session_optimizer_new_york_nzdusd_medium,live_policy,medium,10000.0,1,0.07,7.28,3.094,3.094,1,basket_tp_pips,38,false,false,false,
EURJPY,london,2026-03-11T02:00:00.000000+0000,2026-03-11T10:00:00.000000+0000,2026-03-11T10:00:00.000000+0000,both_sides_normal,live_policy,medium,10000.0,3,0.224,7.766182,4.6872,0.6048,3,basket_tp_pips,72,false,false,false,
GBPJPY,london,2026-03-11T02:00:00.000000+0000,2026-03-11T10:00:00.000000+0000,2026-03-11T10:00:00.000000+0000,session_optimizer_new_york_gbpjpy_medium,live_policy,medium,10000.0,5,0.358463,-0.060997,27.068864,18.574762,5,session_close,480,false,false,false,
GBPUSD,london,2026-03-11T02:00:00.000000+0000,2026-03-11T10:00:00.000000+0000,2026-03-11T10:00:00.000000+0000,session_optimizer_new_york_gbpusd_medium,live_policy,medium,10000.0,4,0.290675,20.368138,9.00081,5.56101,4,basket_tp_pips,52,false,false,false,
NZDUSD,london,2026-03-11T02:00:00.000000+0000,2026-03-11T10:00:00.000000+0000,2026-03-11T10:00:00.000000+0000,session_optimizer_new_york_nzdusd_medium,live_policy,medium,10000.0,1,0.07,7.28,1.092,1.092,1,basket_tp_pips,12,false,false,false,
EURJPY,london,2026-03-12T02:00:00.000000+0000,2026-03-12T10:00:00.000000+0000,2026-03-12T10:00:00.000000+0000,both_sides_normal,live_policy,medium,10000.0,3,0.224,7.766182,2.4192,1.3608,3,basket_tp_pips,36,false,false,false,
GBPJPY,london,2026-03-12T02:00:00.000000+0000,2026-03-12T10:00:00.000000+0000,2026-03-12T10:00:00.000000+0000,session_optimizer_new_york_gbpjpy_medium,live_policy,medium,10000.0,5,0.358463,15.111927,8.688771,2.5956,5,basket_tp_pips,219,false,false,false,
GBPUSD,london,2026-03-12T02:00:00.000000+0000,2026-03-12T10:00:00.000000+0000,2026-03-12T10:00:00.000000+0000,session_optimizer_new_york_gbpusd_medium,live_policy,medium,10000.0,5,0.364175,22.434473,18.259605,8.704605,5,basket_tp_pips,360,false,false,false,
NZDUSD,london,2026-03-12T02:00:00.000000+0000,2026-03-12T10:00:00.000000+0000,2026-03-12T10:00:00.000000+0000,session_optimizer_new_york_nzdusd_medium,live_policy,medium,10000.0,1,0.07,7.28,2.457,2.457,1,basket_tp_pips,30,false,false,false,
EURJPY,london,2026-03-13T02:00:00.000000+0000,2026-03-13T10:00:00.000000+0000,2026-03-13T10:00:00.000000+0000,both_sides_normal,live_policy,medium,10000.0,3,0.224,7.766182,3.402,3.402,3,basket_tp_pips,61,false,false,false,
GBPJPY,london,2026-03-13T02:00:00.000000+0000,2026-03-13T10:00:00.000000+0000,2026-03-13T10:00:00.000000+0000,session_optimizer_new_york_gbpjpy_medium,live_policy,medium,10000.0,5,0.358463,15.111927,7.578471,1.49247,5,basket_tp_pips,157,false,false,false,
GBPUSD,london,2026-03-13T02:00:00.000000+0000,2026-03-13T10:00:00.000000+0000,2026-03-13T10:00:00.000000+0000,session_optimizer_new_york_gbpusd_medium,live_policy,medium,10000.0,5,0.364175,-35.755477,46.351305,31.77993,5,basket_sl_pips,302,false,false,false,
NZDUSD,london,2026-03-13T02:00:00.000000+0000,2026-03-13T10:00:00.000000+0000,2026-03-13T10:00:00.000000+0000,session_optimizer_new_york_nzdusd_medium,live_policy,medium,10000.0,2,0.1435,14.924,5.5965,4.9231,2,basket_tp_pips,41,false,false,false,
EURJPY,london,2026-03-14T02:00:00.000000+0000,2026-03-14T10:00:00.000000+0000,2026-03-14T10:00:00.000000+0000,both_sides_normal,live_policy,medium,10000.0,0,0.0,0.0,0.0,0.0,0,no_bars,0,false,false,false,
GBPJPY,london,2026-03-14T02:00:00.000000+0000,2026-03-14T10:00:00.000000+0000,2026-03-14T10:00:00.000000+0000,session_optimizer_new_york_gbpjpy_medium,live_policy,medium,10000.0,0,0.0,0.0,0.0,0.0,0,no_bars,0,false,false,false,
GBPUSD,london,2026-03-14T02:00:00.000000+0000,2026-03-14T10:00:00.000000+0000,2026-03-14T10:00:00.000000+0000,session_optimizer_new_york_gbpusd_medium,live_policy,medium,10000.0,0,0.0,0.0,0.0,0.0,0,no_bars,0,false,false,false,
NZDUSD,london,2026-03-14T02:00:00.000000+0000,2026-03-14T10:00:00.000000+0000,2026-03-14T10:00:00.000000+0000,session_optimizer_new_york_nzdusd_medium,live_policy,medium,10000.0,0,0.0,0.0,0.0,0.0,0,no_bars,0,false,false,false,
EURJPY,london,2026-03-15T02:00:00.000000+0000,2026-03-15T10:00:00.000000+0000,2026-03-15T10:00:00.000000+0000,both_sides_normal,live_policy,medium,10000.0,0,0.0,0.0,0.0,0.0,0,no_bars,0,false,false,false,
GBPJPY,london,2026-03-15T02:00:00.000000+0000,2026-03-15T10:00:00.000000+0000,2026-03-15T10:00:00.000000+0000,session_optimizer_new_york_gbpjpy_medium,live_policy,medium,10000.0,0,0.0,0.0,0.0,0.0,0,no_bars,0,false,false,false,
GBPUSD,london,2026-03-15T02:00:00.000000+0000,2026-03-15T10:00:00.000000+0000,2026-03-15T10:00:00.000000+0000,session_optimizer_new_york_gbpusd_medium,live_policy,medium,10000.0,0,0.0,0.0,0.0,0.0,0,no_bars,0,false,false,false,
NZDUSD,london,2026-03-15T02:00:00.000000+0000,2026-03-15T10:00:00.000000+0000,2026-03-15T10:00:00.000000+0000,session_optimizer_new_york_nzdusd_medium,live_policy,medium,10000.0,0,0.0,0.0,0.0,0.0,0,no_bars,0,false,false,false,
EURJPY,london,2026-03-16T02:00:00.000000+0000,2026-03-16T10:00:00.000000+0000,2026-03-16T10:00:00.000000+0000,both_sides_normal,live_policy,medium,10000.0,3,0.224,7.766182,12.1716,12.1716,3,basket_tp_pips,181,false,false,false,
GBPJPY,london,2026-03-16T02:00:00.000000+0000,2026-03-16T10:00:00.000000+0000,2026-03-16T10:00:00.000000+0000,session_optimizer_new_york_gbpjpy_medium,live_policy,medium,10000.0,5,0.362854,20.886849,21.062677,21.062677,5,basket_tp_pips,192,false,false,false,
GBPUSD,london,2026-03-16T02:00:00.000000+0000,2026-03-16T10:00:00.000000+0000,2026-03-16T10:00:00.000000+0000,session_optimizer_new_york_gbpusd_medium,live_policy,medium,10000.0,5,0.364175,7.94976,25.081875,10.5105,5,session_close,480,false,false,false,
NZDUSD,london,2026-03-16T02:00:00.000000+0000,2026-03-16T10:00:00.000000+0000,2026-03-16T10:00:00.000000+0000,session_optimizer_new_york_nzdusd_medium,live_policy,medium,10000.0,3,0.220675,22.9502,16.53652,16.17252,3,basket_tp_pips,184,false,false,false,
EURJPY,london,2026-03-17T02:00:00.000000+0000,2026-03-17T10:00:00.000000+0000,2026-03-17T10:00:00.000000+0000,both_sides_normal,live_policy,medium,10000.0,3,0.224,7.766182,5.1408,2.1168,3,basket_tp_pips,107,false,false,false,
GBPJPY,london,2026-03-17T02:00:00.000000+0000,2026-03-17T10:00:00.000000+0000,2026-03-17T10:00:00.000000+0000,session_optimizer_new_york_gbpjpy_medium,live_policy,medium,10000.0,5,0.358463,15.111927,26.066313,18.240579,5,basket_tp_pips,421,false,false,false,
GBPUSD,london,2026-03-17T02:00:00.000000+0000,2026-03-17T10:00:00.000000+0000,2026-03-17T10:00:00.000000+0000,session_optimizer_new_york_gbpusd_medium,live_policy,medium,10000.0,5,0.364175,22.434473,24.47991,14.92491,5,basket_tp_pips,330,false,false,false,
NZDUSD,london,2026-03-17T02:00:00.000000+0000,2026-03-17T10:00:00.000000+0000,2026-03-17T10:00:00.000000+0000,session_optimizer_new_york_nzdusd_medium,live_policy,medium,10000.0,1,0.07,7.28,2.912,2.366,1,basket_tp_pips,59,false,false,false,
EURJPY,london,2026-03-18T02:00:00.000000+0000,2026-03-18T10:00:00.000000+0000,2026-03-18T10:00:00.000000+0000,both_sides_normal,live_policy,medium,10000.0,3,0.224,7.766182,0.470136,0.0756,3,basket_tp_pips,32,false,false,false,
GBPJPY,london,2026-03-18T02:00:00.000000+0000,2026-03-18T10:00:00.000000+0000,2026-03-18T10:00:00.000000+0000,session_optimizer_new_york_gbpjpy_medium,live_policy,medium,10000.0,5,0.362854,20.886849,23.976823,23.068363,5,basket_tp_pips,110,false,false,false,
GBPUSD,london,2026-03-18T02:00:00.000000+0000,2026-03-18T10:00:00.000000+0000,2026-03-18T10:00:00.000000+0000,session_optimizer_new_york_gbpusd_medium,live_policy,medium,10000.0,5,0.371709,31.200048,35.054451,35.054451,5,basket_tp_pips,335,false,false,false,
NZDUSD,london,2026-03-18T02:00:00.000000+0000,2026-03-18T10:00:00.000000+0000,2026-03-18T10:00:00.000000+0000,session_optimizer_new_york_nzdusd_medium,live_policy,medium,10000.0,1,0.07,7.28,5.096,2.184,1,basket_tp_pips,58,false,false,false,
EURJPY,london,2026-03-19T02:00:00.000000+0000,2026-03-19T10:00:00.000000+0000,2026-03-19T10:00:00.000000+0000,both_sides_normal,live_policy,medium,10000.0,3,0.224,7.766182,1.6632,1.6632,3,basket_tp_pips,8,false,false,false,
GBPJPY,london,2026-03-19T02:00:00.000000+0000,2026-03-19T10:00:00.000000+0000,2026-03-19T10:00:00.000000+0000,session_optimizer_new_york_gbpjpy_medium,live_policy,medium,10000.0,5,0.358463,15.111927,6.68367,2.5956,5,basket_tp_pips,62,false,false,false,
GBPUSD,london,2026-03-19T02:00:00.000000+0000,2026-03-19T10:00:00.000000+0000,2026-03-19T10:00:00.000000+0000,session_optimizer_new_york_gbpusd_medium,live_policy,medium,10000.0,5,0.364175,22.434473,4.916048,1.7199,5,basket_tp_pips,121,false,false,false,
NZDUSD,london,2026-03-19T02:00:00.000000+0000,2026-03-19T10:00:00.000000+0000,2026-03-19T10:00:00.000000+0000,session_optimizer_new_york_nzdusd_medium,live_policy,medium,10000.0,3,0.220675,22.9502,27.997743,27.360743,3,basket_tp_pips,222,false,false,false,
EURJPY,london,2026-03-20T02:00:00.000000+0000,2026-03-20T10:00:00.000000+0000,2026-03-20T10:00:00.000000+0000,both_sides_normal,live_policy,medium,10000.0,3,0.224,-36.081818,36.0612,36.0612,3,basket_sl_pips,414,false,false,false,
GBPJPY,london,2026-03-20T02:00:00.000000+0000,2026-03-20T10:00:00.000000+0000,2026-03-20T10:00:00.000000+0000,session_optimizer_new_york_gbpjpy_medium,live_policy,medium,10000.0,5,0.362854,-95.442939,90.370396,90.058275,5,basket_sl_pips,347,false,false,false,
GBPUSD,london,2026-03-20T02:00:00.000000+0000,2026-03-20T10:00:00.000000+0000,2026-03-20T10:00:00.000000+0000,session_optimizer_new_york_gbpusd_medium,live_policy,medium,10000.0,5,0.371709,31.200048,36.146604,25.415356,5,basket_tp_pips,309,false,false,false,
NZDUSD,london,2026-03-20T02:00:00.000000+0000,2026-03-20T10:00:00.000000+0000,2026-03-20T10:00:00.000000+0000,session_optimizer_new_york_nzdusd_medium,live_policy,medium,10000.0,2,0.1435,14.924,9.1182,9.0272,2,basket_tp_pips,153,false,false,false,
EURJPY,london,2026-03-21T02:00:00.000000+0000,2026-03-21T10:00:00.000000+0000,2026-03-21T10:00:00.000000+0000,both_sides_normal,live_policy,medium,10000.0,0,0.0,0.0,0.0,0.0,0,no_bars,0,false,false,false,
GBPJPY,london,2026-03-21T02:00:00.000000+0000,2026-03-21T10:00:00.000000+0000,2026-03-21T10:00:00.000000+0000,session_optimizer_new_york_gbpjpy_medium,live_policy,medium,10000.0,0,0.0,0.0,0.0,0.0,0,no_bars,0,false,false,false,
GBPUSD,london,2026-03-21T02:00:00.000000+0000,2026-03-21T10:00:00.000000+0000,2026-03-21T10:00:00.000000+0000,session_optimizer_new_york_gbpusd_medium,live_policy,medium,10000.0,0,0.0,0.0,0.0,0.0,0,no_bars,0,false,false,false,
NZDUSD,london,2026-03-21T02:00:00.000000+0000,2026-03-21T10:00:00.000000+0000,2026-03-21T10:00:00.000000+0000,session_optimizer_new_york_nzdusd_medium,live_policy,medium,10000.0,0,0.0,0.0,0.0,0.0,0,no_bars,0,false,false,false,
EURJPY,london,2026-03-22T02:00:00.000000+0000,2026-03-22T10:00:00.000000+0000,2026-03-22T10:00:00.000000+0000,both_sides_normal,live_policy,medium,10000.0,0,0.0,0.0,0.0,0.0,0,no_bars,0,false,false,false,
GBPJPY,london,2026-03-22T02:00:00.000000+0000,2026-03-22T10:00:00.000000+0000,2026-03-22T10:00:00.000000+0000,session_optimizer_new_york_gbpjpy_medium,live_policy,medium,10000.0,0,0.0,0.0,0.0,0.0,0,no_bars,0,false,false,false,
GBPUSD,london,2026-03-22T02:00:00.000000+0000,2026-03-22T10:00:00.000000+0000,2026-03-22T10:00:00.000000+0000,session_optimizer_new_york_gbpusd_medium,live_policy,medium,10000.0,0,0.0,0.0,0.0,0.0,0,no_bars,0,false,false,false,
NZDUSD,london,2026-03-22T02:00:00.000000+0000,2026-03-22T10:00:00.000000+0000,2026-03-22T10:00:00.000000+0000,session_optimizer_new_york_nzdusd_medium,live_policy,medium,10000.0,0,0.0,0.0,0.0,0.0,0,no_bars,0,false,false,false,
EURJPY,london,2026-03-23T02:00:00.000000+0000,2026-03-23T10:00:00.000000+0000,2026-03-23T10:00:00.000000+0000,both_sides_normal,live_policy,medium,10000.0,3,0.224,-36.081818,37.044,35.2296,3,basket_sl_pips,412,false,false,false,
GBPJPY,london,2026-03-23T02:00:00.000000+0000,2026-03-23T10:00:00.000000+0000,2026-03-23T10:00:00.000000+0000,session_optimizer_new_york_gbpjpy_medium,live_policy,medium,10000.0,5,0.358463,-23.653359,31.413249,20.713537,5,basket_sl_pips,247,false,false,false,
GBPUSD,london,2026-03-23T02:00:00.000000+0000,2026-03-23T10:00:00.000000+0000,2026-03-23T10:00:00.000000+0000,session_optimizer_new_york_gbpusd_medium,live_policy,medium,10000.0,5,0.364175,-35.755477,48.55851,34.388445,5,basket_sl_pips,458,false,false,false,
NZDUSD,london,2026-03-23T02:00:00.000000+0000,2026-03-23T10:00:00.000000+0000,2026-03-23T10:00:00.000000+0000,session_optimizer_new_york_nzdusd_medium,live_policy,medium,10000.0,1,0.07,7.28,3.185,3.185,1,basket_tp_pips,33,false,false,false,
EURJPY,london,2026-03-24T02:00:00.000000+0000,2026-03-24T10:00:00.000000+0000,2026-03-24T10:00:00.000000+0000,both_sides_normal,live_policy,medium,10000.0,3,0.224,-12.7764,23.9652,22.5288,3,session_close,480,false,false,false,
GBPJPY,london,2026-03-24T02:00:00.000000+0000,2026-03-24T10:00:00.000000+0000,2026-03-24T10:00:00.000000+0000,session_optimizer_new_york_gbpjpy_medium,live_policy,medium,10000.0,4,0.286363,13.7502,4.078823,4.078823,4,basket_tp_pips,13,false,false,false,
GBPUSD,london,2026-03-24T02:00:00.000000+0000,2026-03-24T10:00:00.000000+0000,2026-03-24T10:00:00.000000+0000,session_optimizer_new_york_gbpusd_medium,live_policy,medium,10000.0,5,0.364175,22.434473,7.825545,0.09555,5,basket_tp_pips,133,false,false,false,
NZDUSD,london,2026-03-24T02:00:00.000000+0000,2026-03-24T10:00:00.000000+0000,2026-03-24T10:00:00.000000+0000,session_optimizer_new_york_nzdusd_medium,live_policy,medium,10000.0,2,0.1435,14.924,6.7886,6.7886,2,basket_tp_pips,92,false,false,false,
EURJPY,london,2026-03-25T02:00:00.000000+0000,2026-03-25T10:00:00.000000+0000,2026-03-25T10:00:00.000000+0000,both_sides_normal,live_policy,medium,10000.0,3,0.224,7.766182,9.072,4.3848,3,basket_tp_pips,143,false,false,false,
GBPJPY,london,2026-03-25T02:00:00.000000+0000,2026-03-25T10:00:00.000000+0000,2026-03-25T10:00:00.000000+0000,session_optimizer_new_york_gbpjpy_medium,live_policy,medium,10000.0,5,0.362854,20.886849,23.279213,16.24903,5,basket_tp_pips,145,false,false,false,
GBPUSD,london,2026-03-25T02:00:00.000000+0000,2026-03-25T10:00:00.000000+0000,2026-03-25T10:00:00.000000+0000,session_optimizer_new_york_gbpusd_medium,live_policy,medium,10000.0,5,0.371709,31.200048,109.638227,104.03422,5,basket_tp_pips,374,false,false,false,
NZDUSD,london,2026-03-25T02:00:00.000000+0000,2026-03-25T10:00:00.000000+0000,2026-03-25T10:00:00.000000+0000,session_optimizer_new_york_nzdusd_medium,live_policy,medium,10000.0,1,0.07,7.28,1.092,1.092,1,basket_tp_pips,11,false,false,false,
EURJPY,london,2026-03-26T02:00:00.000000+0000,2026-03-26T10:00:00.000000+0000,2026-03-26T10:00:00.000000+0000,both_sides_normal,live_policy,medium,10000.0,3,0.224,7.766182,6.048,5.8968,3,basket_tp_pips,102,false,false,false,
GBPJPY,london,2026-03-26T02:00:00.000000+0000,2026-03-26T10:00:00.000000+0000,2026-03-26T10:00:00.000000+0000,session_optimizer_new_york_gbpjpy_medium,live_policy,medium,10000.0,5,0.362854,20.886849,16.850736,16.850736,5,basket_tp_pips,94,false,false,false,
GBPUSD,london,2026-03-26T02:00:00.000000+0000,2026-03-26T10:00:00.000000+0000,2026-03-26T10:00:00.000000+0000,session_optimizer_new_york_gbpusd_medium,live_policy,medium,10000.0,4,0.290675,20.368138,17.136893,13.983743,4,basket_tp_pips,92,false,false,false,
NZDUSD,london,2026-03-26T02:00:00.000000+0000,2026-03-26T10:00:00.000000+0000,2026-03-26T10:00:00.000000+0000,session_optimizer_new_york_nzdusd_medium,live_policy,medium,10000.0,1,0.07,7.28,2.366,1.456,1,basket_tp_pips,36,false,false,false,
EURJPY,london,2026-03-27T02:00:00.000000+0000,2026-03-27T10:00:00.000000+0000,2026-03-27T10:00:00.000000+0000,both_sides_normal,live_policy,medium,10000.0,3,0.224,-3.9312,22.90788,18.74988,3,session_close,480,false,false,false,
GBPJPY,london,2026-03-27T02:00:00.000000+0000,2026-03-27T10:00:00.000000+0000,2026-03-27T10:00:00.000000+0000,session_optimizer_new_york_gbpjpy_medium,live_policy,medium,10000.0,4,0.286363,13.7502,6.059428,4.298314,4,basket_tp_pips,65,false,false,false,
GBPUSD,london,2026-03-27T02:00:00.000000+0000,2026-03-27T10:00:00.000000+0000,2026-03-27T10:00:00.000000+0000,session_optimizer_new_york_gbpusd_medium,live_policy,medium,10000.0,4,0.290675,20.368138,9.793875,4.7775,4,basket_tp_pips,188,false,false,false,
NZDUSD,london,2026-03-27T02:00:00.000000+0000,2026-03-27T10:00:00.000000+0000,2026-03-27T10:00:00.000000+0000,session_optimizer_new_york_nzdusd_medium,live_policy,medium,10000.0,3,0.220675,22.9502,18.180663,18.180663,3,basket_tp_pips,342,false,false,false,
EURJPY,london,2026-03-28T02:00:00.000000+0000,2026-03-28T10:00:00.000000+0000,2026-03-28T10:00:00.000000+0000,both_sides_normal,live_policy,medium,10000.0,0,0.0,0.0,0.0,0.0,0,no_bars,0,false,false,false,
GBPJPY,london,2026-03-28T02:00:00.000000+0000,2026-03-28T10:00:00.000000+0000,2026-03-28T10:00:00.000000+0000,session_optimizer_new_york_gbpjpy_medium,live_policy,medium,10000.0,0,0.0,0.0,0.0,0.0,0,no_bars,0,false,false,false,
GBPUSD,london,2026-03-28T02:00:00.000000+0000,2026-03-28T10:00:00.000000+0000,2026-03-28T10:00:00.000000+0000,session_optimizer_new_york_gbpusd_medium,live_policy,medium,10000.0,0,0.0,0.0,0.0,0.0,0,no_bars,0,false,false,false,
NZDUSD,london,2026-03-28T02:00:00.000000+0000,2026-03-28T10:00:00.000000+0000,2026-03-28T10:00:00.000000+0000,session_optimizer_new_york_nzdusd_medium,live_policy,medium,10000.0,0,0.0,0.0,0.0,0.0,0,no_bars,0,false,false,false,
EURJPY,london,2026-03-29T02:00:00.000000+0000,2026-03-29T10:00:00.000000+0000,2026-03-29T10:00:00.000000+0000,both_sides_normal,live_policy,medium,10000.0,0,0.0,0.0,0.0,0.0,0,no_bars,0,false,false,false,
GBPJPY,london,2026-03-29T02:00:00.000000+0000,2026-03-29T10:00:00.000000+0000,2026-03-29T10:00:00.000000+0000,session_optimizer_new_york_gbpjpy_medium,live_policy,medium,10000.0,0,0.0,0.0,0.0,0.0,0,no_bars,0,false,false,false,
GBPUSD,london,2026-03-29T02:00:00.000000+0000,2026-03-29T10:00:00.000000+0000,2026-03-29T10:00:00.000000+0000,session_optimizer_new_york_gbpusd_medium,live_policy,medium,10000.0,0,0.0,0.0,0.0,0.0,0,no_bars,0,false,false,false,
NZDUSD,london,2026-03-29T02:00:00.000000+0000,2026-03-29T10:00:00.000000+0000,2026-03-29T10:00:00.000000+0000,session_optimizer_new_york_nzdusd_medium,live_policy,medium,10000.0,0,0.0,0.0,0.0,0.0,0,no_bars,0,false,false,false,
EURJPY,london,2026-03-30T02:00:00.000000+0000,2026-03-30T10:00:00.000000+0000,2026-03-30T10:00:00.000000+0000,both_sides_normal,live_policy,medium,10000.0,3,0.224,7.766182,1.134,1.134,3,basket_tp_pips,21,false,false,false,
GBPJPY,london,2026-03-30T02:00:00.000000+0000,2026-03-30T10:00:00.000000+0000,2026-03-30T10:00:00.000000+0000,session_optimizer_new_york_gbpjpy_medium,live_policy,medium,10000.0,5,0.362854,20.886849,13.039933,13.039933,5,basket_tp_pips,49,false,false,false,
GBPUSD,london,2026-03-30T02:00:00.000000+0000,2026-03-30T10:00:00.000000+0000,2026-03-30T10:00:00.000000+0000,session_optimizer_new_york_gbpusd_medium,live_policy,medium,10000.0,5,0.364175,22.434473,25.081875,12.91836,5,basket_tp_pips,328,false,false,false,
NZDUSD,london,2026-03-30T02:00:00.000000+0000,2026-03-30T10:00:00.000000+0000,2026-03-30T10:00:00.000000+0000,session_optimizer_new_york_nzdusd_medium,live_policy,medium,10000.0,1,0.07,7.28,3.003,1.547,1,basket_tp_pips,21,false,false,false,
EURJPY,london,2026-03-31T02:00:00.000000+0000,2026-03-31T10:00:00.000000+0000,2026-03-31T10:00:00.000000+0000,both_sides_normal,live_policy,medium,10000.0,3,0.224,-14.364,37.8,35.0028,3,session_close,480,false,false,false,
GBPJPY,london,2026-03-31T02:00:00.000000+0000,2026-03-31T10:00:00.000000+0000,2026-03-31T10:00:00.000000+0000,session_optimizer_new_york_gbpjpy_medium,live_policy,medium,10000.0,5,0.362854,-95.442939,87.209024,85.846334,5,basket_sl_pips,194,false,false,false,
GBPUSD,london,2026-03-31T02:00:00.000000+0000,2026-03-31T10:00:00.000000+0000,2026-03-31T10:00:00.000000+0000,session_optimizer_new_york_gbpusd_medium,live_policy,medium,10000.0,5,0.371709,31.200048,30.575056,25.415356,5,basket_tp_pips,231,false,false,false,
NZDUSD,london,2026-03-31T02:00:00.000000+0000,2026-03-31T10:00:00.000000+0000,2026-03-31T10:00:00.000000+0000,session_optimizer_new_york_nzdusd_medium,live_policy,medium,10000.0,1,0.07,7.28,3.64,1.456,1,basket_tp_pips,35,false,false,false,
EURJPY,london,2026-04-01T02:00:00.000000+0000,2026-04-01T10:00:00.000000+0000,2026-04-01T10:00:00.000000+0000,both_sides_normal,live_policy,medium,10000.0,0,0.0,0.0,0.0,0.0,0,no_bars,0,false,false,false,
GBPJPY,london,2026-04-01T02:00:00.000000+0000,2026-04-01T10:00:00.000000+0000,2026-04-01T10:00:00.000000+0000,session_optimizer_new_york_gbpjpy_medium,live_policy,medium,10000.0,0,0.0,0.0,0.0,0.0,0,no_bars,0,false,false,false,
GBPUSD,london,2026-04-01T02:00:00.000000+0000,2026-04-01T10:00:00.000000+0000,2026-04-01T10:00:00.000000+0000,session_optimizer_new_york_gbpusd_medium,live_policy,medium,10000.0,0,0.0,0.0,0.0,0.0,0,no_bars,0,false,false,false,
NZDUSD,london,2026-04-01T02:00:00.000000+0000,2026-04-01T10:00:00.000000+0000,2026-04-01T10:00:00.000000+0000,session_optimizer_new_york_nzdusd_medium,live_policy,medium,10000.0,0,0.0,0.0,0.0,0.0,0,no_bars,0,false,false,false,
