pair,session_name,session_start_utc,session_end_utc,managed_close_start_utc,policy_id,policy_source,risk_mode,account_equity,trade_count,gross_lots,realized_pnl,max_drawdown,max_adverse_excursion,max_open_legs,exit_reason,bars_processed,entered_managed_close,gated_by_event_risk,gated_by_entry_intent,derived_entry_direction
EURJPY,new_york,2026-03-01T13:00:00.000000+0000,2026-03-01T21:00:00.000000+0000,2026-03-01T20:30:00.000000+0000,session_optimizer_asia_eurjpy_medium,live_policy,medium,10000.0,0,0.0,0.0,0.0,0.0,0,no_bars,0,false,false,false,
GBPJPY,new_york,2026-03-01T13:00:00.000000+0000,2026-03-01T21:00:00.000000+0000,2026-03-01T20:30:00.000000+0000,session_optimizer_asia_gbpjpy_medium,live_policy,medium,10000.0,0,0.0,0.0,0.0,0.0,0,no_bars,0,false,false,false,
GBPUSD,new_york,2026-03-01T13:00:00.000000+0000,2026-03-01T21:00:00.000000+0000,2026-03-01T20:30:00.000000+0000,session_optimizer_asia_gbpusd_medium,live_policy,medium,10000.0,0,0.0,0.0,0.0,0.0,0,no_bars,0,false,false,false,
NZDUSD,new_york,2026-03-01T13:00:00.000000+0000,2026-03-01T21:00:00.000000+0000,2026-03-01T20:30:00.000000+0000,session_optimizer_asia_nzdusd_medium,live_policy,medium,10000.0,0,0.0,0.0,0.0,0.0,0,no_bars,0,false,false,false,
EURJPY,new_york,2026-03-02T13:00:00.000000+0000,2026-03-02T21:00:00.000000+0000,2026-03-02T20:30:00.000000+0000,session_optimizer_asia_eurjpy_medium,live_policy,medium,10000.0,4,0.204545,14.45658,10.64984,10.64984,4,basket_tp_pips,65,false,false,false,
GBPJPY,new_york,2026-03-02T13:00:00.000000+0000,2026-03-02T21:00:00.000000+0000,2026-03-02T20:30:00.000000+0000,session_optimizer_asia_gbpjpy_medium,live_policy,medium,10000.0,4,0.204545,14.45658,7.827124,7.827124,4,basket_tp_pips,44,false,false,false,
GBPUSD,new_york,2026-03-02T13:00:00.000000+0000,2026-03-02T21:00:00.000000+0000,2026-03-02T20:30:00.000000+0000,session_optimizer_asia_gbpusd_medium,live_policy,medium,10000.0,3,0.1525,10.487195,1.02375,1.02375,3,basket_tp_pips,23,false,false,false,
NZDUSD,new_york,2026-03-02T13:00:00.000000+0000,2026-03-02T21:00:00.000000+0000,2026-03-02T20:30:00.000000+0000,session_optimizer_asia_nzdusd_medium,live_policy,medium,10000.0,2,0.1025,13.325,16.497,11.947,2,basket_tp_pips,143,false,false,false,
EURJPY,new_york,2026-03-03T13:00:00.000000+0000,2026-03-03T21:00:00.000000+0000,2026-03-03T20:30:00.000000+0000,session_optimizer_asia_eurjpy_medium,live_policy,medium,10000.0,5,0.259181,-49.697322,45.449406,42.668406,5,basket_sl_pips,118,false,false,false,
GBPJPY,new_york,2026-03-03T13:00:00.000000+0000,2026-03-03T21:00:00.000000+0000,2026-03-03T20:30:00.000000+0000,session_optimizer_asia_gbpjpy_medium,live_policy,medium,10000.0,3,0.1515,7.146576,1.854,0.3708,3,basket_tp_pips,13,false,false,false,
GBPUSD,new_york,2026-03-03T13:00:00.000000+0000,2026-03-03T21:00:00.000000+0000,2026-03-03T20:30:00.000000+0000,session_optimizer_asia_gbpusd_medium,live_policy,medium,10000.0,5,0.265506,-74.902364,76.882866,73.675116,5,basket_sl_pips,138,false,false,false,
NZDUSD,new_york,2026-03-03T13:00:00.000000+0000,2026-03-03T21:00:00.000000+0000,2026-03-03T20:30:00.000000+0000,session_optimizer_asia_nzdusd_medium,live_policy,medium,10000.0,1,0.05,6.5,1.105,1.04,1,basket_tp_pips,24,false,false,false,
EURJPY,new_york,2026-03-04T13:00:00.000000+0000,2026-03-04T21:00:00.000000+0000,2026-03-04T20:30:00.000000+0000,session_optimizer_asia_eurjpy_medium,live_policy,medium,10000.0,3,0.1515,7.146576,2.64195,0.3708,3,basket_tp_pips,43,false,false,false,
GBPJPY,new_york,2026-03-04T13:00:00.000000+0000,2026-03-04T21:00:00.000000+0000,2026-03-04T20:30:00.000000+0000,session_optimizer_asia_gbpjpy_medium,live_policy,medium,10000.0,5,0.259181,21.934128,41.225289,32.210214,5,basket_tp_pips,116,false,false,false,
GBPUSD,new_york,2026-03-04T13:00:00.000000+0000,2026-03-04T21:00:00.000000+0000,2026-03-04T20:30:00.000000+0000,session_optimizer_asia_gbpusd_medium,live_policy,medium,10000.0,5,0.265506,32.676536,44.752822,24.619137,5,basket_tp_pips,96,false,false,false,
NZDUSD,new_york,2026-03-04T13:00:00.000000+0000,2026-03-04T21:00:00.000000+0000,2026-03-04T20:30:00.000000+0000,session_optimizer_asia_nzdusd_medium,live_policy,medium,10000.0,2,0.1025,13.325,11.6805,11.6805,2,basket_tp_pips,70,false,false,false,
EURJPY,new_york,2026-03-05T13:00:00.000000+0000,2026-03-05T21:00:00.000000+0000,2026-03-05T20:30:00.000000+0000,session_optimizer_asia_eurjpy_medium,live_policy,medium,10000.0,3,0.1515,7.146576,2.73465,1.3905,3,basket_tp_pips,46,false,false,false,
GBPJPY,new_york,2026-03-05T13:00:00.000000+0000,2026-03-05T21:00:00.000000+0000,2026-03-05T20:30:00.000000+0000,session_optimizer_asia_gbpjpy_medium,live_policy,medium,10000.0,3,0.1515,7.146576,1.25145,0.23175,3,basket_tp_pips,26,false,false,false,
GBPUSD,new_york,2026-03-05T13:00:00.000000+0000,2026-03-05T21:00:00.000000+0000,2026-03-05T20:30:00.000000+0000,session_optimizer_asia_gbpusd_medium,live_policy,medium,10000.0,5,0.265506,-74.902364,80.038702,74.750905,5,basket_sl_pips,170,false,false,false,
NZDUSD,new_york,2026-03-05T13:00:00.000000+0000,2026-03-05T21:00:00.000000+0000,2026-03-05T20:30:00.000000+0000,session_optimizer_asia_nzdusd_medium,live_policy,medium,10000.0,1,0.05,6.5,2.535,1.365,1,basket_tp_pips,25,false,false,false,
EURJPY,new_york,2026-03-06T13:00:00.000000+0000,2026-03-06T21:00:00.000000+0000,2026-03-06T20:30:00.000000+0000,session_optimizer_asia_eurjpy_medium,live_policy,medium,10000.0,3,0.1515,7.146576,4.8204,4.8204,3,basket_tp_pips,36,false,false,false,
GBPJPY,new_york,2026-03-06T13:00:00.000000+0000,2026-03-06T21:00:00.000000+0000,2026-03-06T20:30:00.000000+0000,session_optimizer_asia_gbpjpy_medium,live_policy,medium,10000.0,4,0.204545,14.45658,14.319369,14.319369,4,basket_tp_pips,31,false,false,false,
GBPUSD,new_york,2026-03-06T13:00:00.000000+0000,2026-03-06T21:00:00.000000+0000,2026-03-06T20:30:00.000000+0000,session_optimizer_asia_gbpusd_medium,live_policy,medium,10000.0,5,0.265506,-74.902364,20.519362,20.519362,5,basket_sl_pips,31,false,false,false,
NZDUSD,new_york,2026-03-06T13:00:00.000000+0000,2026-03-06T21:00:00.000000+0000,2026-03-06T20:30:00.000000+0000,session_optimizer_asia_nzdusd_medium,live_policy,medium,10000.0,2,0.1025,13.325,19.6755,19.6755,2,basket_tp_pips,52,false,false,false,
EURJPY,new_york,2026-03-07T13:00:00.000000+0000,2026-03-07T21:00:00.000000+0000,2026-03-07T20:30:00.000000+0000,session_optimizer_asia_eurjpy_medium,live_policy,medium,10000.0,0,0.0,0.0,0.0,0.0,0,no_bars,0,false,false,false,
GBPJPY,new_york,2026-03-07T13:00:00.000000+0000,2026-03-07T21:00:00.000000+0000,2026-03-07T20:30:00.000000+0000,session_optimizer_asia_gbpjpy_medium,live_policy,medium,10000.0,0,0.0,0.0,0.0,0.0,0,no_bars,0,false,false,false,
GBPUSD,new_york,2026-03-07T13:00:00.000000+0000,2026-03-07T21:00:00.000000+0000,2026-03-07T20:30:00.000000+0000,session_optimizer_asia_gbpusd_medium,live_policy,medium,10000.0,0,0.0,0.0,0.0,0.0,0,no_bars,0,false,false,false,
NZDUSD,new_york,2026-03-07T13:00:00.000000+0000,2026-03-07T21:00:00.000000+0000,2026-03-07T20:30:00.000000+0000,session_optimizer_asia_nzdusd_medium,live_policy,medium,10000.0,0,0.0,0.0,0.0,0.0,0,no_bars,0,false,false,false,
EURJPY,new_york,2026-03-08T12:00:00.000000+0000,2026-03-08T21:00:00.000000+0000,2026-03-08T20:30:00.000000+0000,session_optimizer_asia_eurjpy_medium,live_policy,medium,10000.0,0,0.0,0.0,0.0,0.0,0,no_bars,0,false,false,false,
GBPJPY,new_york,2026-03-08T12:00:00.000000+0000,2026-03-08T21:00:00.000000+0000,2026-03-08T20:30:00.000000+0000,session_optimizer_asia_gbpjpy_medium,live_policy,medium,10000.0,0,0.0,0.0,0.0,0.0,0,no_bars,0,false,false,false,
GBPUSD,new_york,2026-03-08T12:00:00.000000+0000,2026-03-08T21:00:00.000000+0000,2026-03-08T20:30:00.000000+0000,session_optimizer_asia_gbpusd_medium,live_policy,medium,10000.0,0,0.0,0.0,0.0,0.0,0,no_bars,0,false,false,false,
NZDUSD,new_york,2026-03-08T12:00:00.000000+0000,2026-03-08T21:00:00.000000+0000,2026-03-08T20:30:00.000000+0000,session_optimizer_asia_nzdusd_medium,live_policy,medium,10000.0,0,0.0,0.0,0.0,0.0,0,no_bars,0,false,false,false,
EURJPY,new_york,2026-03-09T12:00:00.000000+0000,2026-03-09T21:00:00.000000+0000,2026-03-09T20:30:00.000000+0000,session_optimizer_asia_eurjpy_medium,live_policy,medium,10000.0,3,0.1515,7.146576,4.12515,1.854,3,basket_tp_pips,87,false,false,false,
GBPJPY,new_york,2026-03-09T12:00:00.000000+0000,2026-03-09T21:00:00.000000+0000,2026-03-09T20:30:00.000000+0000,session_optimizer_asia_gbpjpy_medium,live_policy,medium,10000.0,4,0.204545,14.45658,15.901295,13.472554,4,basket_tp_pips,143,false,false,false,
GBPUSD,new_york,2026-03-09T12:00:00.000000+0000,2026-03-09T21:00:00.000000+0000,2026-03-09T20:30:00.000000+0000,session_optimizer_asia_gbpusd_medium,live_policy,medium,10000.0,5,0.265506,32.676536,33.348136,28.707136,5,basket_tp_pips,127,false,false,false,
NZDUSD,new_york,2026-03-09T12:00:00.000000+0000,2026-03-09T21:00:00.000000+0000,2026-03-09T20:30:00.000000+0000,session_optimizer_asia_nzdusd_medium,live_policy,medium,10000.0,1,0.05,6.5,3.25,3.25,1,basket_tp_pips,55,false,false,false,
EURJPY,new_york,2026-03-10T12:00:00.000000+0000,2026-03-10T21:00:00.000000+0000,2026-03-10T20:30:00.000000+0000,session_optimizer_asia_eurjpy_medium,live_policy,medium,10000.0,3,0.1515,7.146576,3.01275,1.99305,3,basket_tp_pips,45,false,false,false,
GBPJPY,new_york,2026-03-10T12:00:00.000000+0000,2026-03-10T21:00:00.000000+0000,2026-03-10T20:30:00.000000+0000,session_optimizer_asia_gbpjpy_medium,live_policy,medium,10000.0,3,0.1515,7.146576,0.7416,0.13905,3,basket_tp_pips,54,false,false,false,
GBPUSD,new_york,2026-03-10T12:00:00.000000+0000,2026-03-10T21:00:00.000000+0000,2026-03-10T20:30:00.000000+0000,session_optimizer_asia_gbpusd_medium,live_policy,medium,10000.0,3,0.1525,10.487195,4.095,2.0475,3,basket_tp_pips,63,false,false,false,
NZDUSD,new_york,2026-03-10T12:00:00.000000+0000,2026-03-10T21:00:00.000000+0000,2026-03-10T20:30:00.000000+0000,session_optimizer_asia_nzdusd_medium,live_policy,medium,10000.0,1,0.05,6.5,0.975,0.975,1,basket_tp_pips,8,false,false,false,
EURJPY,new_york,2026-03-11T12:00:00.000000+0000,2026-03-11T21:00:00.000000+0000,2026-03-11T20:30:00.000000+0000,session_optimizer_asia_eurjpy_medium,live_policy,medium,10000.0,3,0.1515,7.146576,0.4635,0.1854,3,basket_tp_pips,31,false,false,false,
GBPJPY,new_york,2026-03-11T12:00:00.000000+0000,2026-03-11T21:00:00.000000+0000,2026-03-11T20:30:00.000000+0000,session_optimizer_asia_gbpjpy_medium,live_policy,medium,10000.0,5,0.259181,21.934128,25.151448,23.757703,5,basket_tp_pips,122,false,false,false,
GBPUSD,new_york,2026-03-11T12:00:00.000000+0000,2026-03-11T21:00:00.000000+0000,2026-03-11T20:30:00.000000+0000,session_optimizer_asia_gbpusd_medium,live_policy,medium,10000.0,5,0.265506,32.676536,24.834295,24.834295,5,basket_tp_pips,86,false,false,false,
NZDUSD,new_york,2026-03-11T12:00:00.000000+0000,2026-03-11T21:00:00.000000+0000,2026-03-11T20:30:00.000000+0000,session_optimizer_asia_nzdusd_medium,live_policy,medium,10000.0,1,0.05,6.5,2.795,2.795,1,basket_tp_pips,37,false,false,false,
EURJPY,new_york,2026-03-12T12:00:00.000000+0000,2026-03-12T21:00:00.000000+0000,2026-03-12T20:30:00.000000+0000,session_optimizer_asia_eurjpy_medium,live_policy,medium,10000.0,3,0.1515,7.146576,3.2445,3.10545,3,basket_tp_pips,67,false,false,false,
GBPJPY,new_york,2026-03-12T12:00:00.000000+0000,2026-03-12T21:00:00.000000+0000,2026-03-12T20:30:00.000000+0000,session_optimizer_asia_gbpjpy_medium,live_policy,medium,10000.0,3,0.1515,7.146576,3.29085,3.29085,3,basket_tp_pips,66,false,false,false,
GBPUSD,new_york,2026-03-12T12:00:00.000000+0000,2026-03-12T21:00:00.000000+0000,2026-03-12T20:30:00.000000+0000,session_optimizer_asia_gbpusd_medium,live_policy,medium,10000.0,5,0.265506,-74.902364,79.686238,71.523538,5,basket_sl_pips,192,false,false,false,
NZDUSD,new_york,2026-03-12T12:00:00.000000+0000,2026-03-12T21:00:00.000000+0000,2026-03-12T20:30:00.000000+0000,session_optimizer_asia_nzdusd_medium,live_policy,medium,10000.0,1,0.05,6.5,0.585,0.585,1,basket_tp_pips,8,false,false,false,
EURJPY,new_york,2026-03-13T12:00:00.000000+0000,2026-03-13T21:00:00.000000+0000,2026-03-13T20:30:00.000000+0000,session_optimizer_asia_eurjpy_medium,live_policy,medium,10000.0,3,0.1515,7.146576,3.56895,3.56895,3,basket_tp_pips,31,false,false,false,
GBPJPY,new_york,2026-03-13T12:00:00.000000+0000,2026-03-13T21:00:00.000000+0000,2026-03-13T20:30:00.000000+0000,session_optimizer_asia_gbpjpy_medium,live_policy,medium,10000.0,5,0.259181,21.934128,20.568003,19.316553,5,basket_tp_pips,31,false,false,false,
GBPUSD,new_york,2026-03-13T12:00:00.000000+0000,2026-03-13T21:00:00.000000+0000,2026-03-13T20:30:00.000000+0000,session_optimizer_asia_gbpusd_medium,live_policy,medium,10000.0,5,0.265506,32.676536,31.155778,26.770715,5,basket_tp_pips,139,false,false,false,
NZDUSD,new_york,2026-03-13T12:00:00.000000+0000,2026-03-13T21:00:00.000000+0000,2026-03-13T20:30:00.000000+0000,session_optimizer_asia_nzdusd_medium,live_policy,medium,10000.0,1,0.05,6.5,3.055,1.885,1,basket_tp_pips,31,false,false,false,
EURJPY,new_york,2026-03-14T12:00:00.000000+0000,2026-03-14T21:00:00.000000+0000,2026-03-14T20:30:00.000000+0000,session_optimizer_asia_eurjpy_medium,live_policy,medium,10000.0,0,0.0,0.0,0.0,0.0,0,no_bars,0,false,false,false,
GBPJPY,new_york,2026-03-14T12:00:00.000000+0000,2026-03-14T21:00:00.000000+0000,2026-03-14T20:30:00.000000+0000,session_optimizer_asia_gbpjpy_medium,live_policy,medium,10000.0,0,0.0,0.0,0.0,0.0,0,no_bars,0,false,false,false,
GBPUSD,new_york,2026-03-14T12:00:00.000000+0000,2026-03-14T21:00:00.000000+0000,2026-03-14T20:30:00.000000+0000,session_optimizer_asia_gbpusd_medium,live_policy,medium,10000.0,0,0.0,0.0,0.0,0.0,0,no_bars,0,false,false,false,
NZDUSD,new_york,2026-03-14T12:00:00.000000+0000,2026-03-14T21:00:00.000000+0000,2026-03-14T20:30:00.000000+0000,session_optimizer_asia_nzdusd_medium,live_policy,medium,10000.0,0,0.0,0.0,0.0,0.0,0,no_bars,0,false,false,false,
EURJPY,new_york,2026-03-15T12:00:00.000000+0000,2026-03-15T21:00:00.000000+0000,2026-03-15T20:30:00.000000+0000,session_optimizer_asia_eurjpy_medium,live_policy,medium,10000.0,0,0.0,0.0,0.0,0.0,0,no_bars,0,false,false,false,
GBPJPY,new_york,2026-03-15T12:00:00.000000+0000,2026-03-15T21:00:00.000000+0000,2026-03-15T20:30:00.000000+0000,session_optimizer_asia_gbpjpy_medium,live_policy,medium,10000.0,0,0.0,0.0,0.0,0.0,0,no_bars,0,false,false,false,
GBPUSD,new_york,2026-03-15T12:00:00.000000+0000,2026-03-15T21:00:00.000000+0000,2026-03-15T20:30:00.000000+0000,session_optimizer_asia_gbpusd_medium,live_policy,medium,10000.0,0,0.0,0.0,0.0,0.0,0,no_bars,0,false,false,false,
NZDUSD,new_york,2026-03-15T12:00:00.000000+0000,2026-03-15T21:00:00.000000+0000,2026-03-15T20:30:00.000000+0000,session_optimizer_asia_nzdusd_medium,live_policy,medium,10000.0,0,0.0,0.0,0.0,0.0,0,no_bars,0,false,false,false,
EURJPY,new_york,2026-03-16T12:00:00.000000+0000,2026-03-16T21:00:00.000000+0000,2026-03-16T20:30:00.000000+0000,session_optimizer_asia_eurjpy_medium,live_policy,medium,10000.0,3,0.1515,7.146576,3.708,3.708,3,basket_tp_pips,72,false,false,false,
GBPJPY,new_york,2026-03-16T12:00:00.000000+0000,2026-03-16T21:00:00.000000+0000,2026-03-16T20:30:00.000000+0000,session_optimizer_asia_gbpjpy_medium,live_policy,medium,10000.0,3,0.1515,7.146576,3.708,1.3905,3,basket_tp_pips,68,false,false,false,
GBPUSD,new_york,2026-03-16T12:00:00.000000+0000,2026-03-16T21:00:00.000000+0000,2026-03-16T20:30:00.000000+0000,session_optimizer_asia_gbpusd_medium,live_policy,medium,10000.0,5,0.265506,-74.902364,98.542272,74.750905,5,basket_sl_pips,406,false,false,false,
NZDUSD,new_york,2026-03-16T12:00:00.000000+0000,2026-03-16T21:00:00.000000+0000,2026-03-16T20:30:00.000000+0000,session_optimizer_asia_nzdusd_medium,live_policy,medium,10000.0,2,0.1025,13.325,16.211,16.211,2,basket_tp_pips,272,false,false,false,
EURJPY,new_york,2026-03-17T12:00:00.000000+0000,2026-03-17T21:00:00.000000+0000,2026-03-17T20:30:00.000000+0000,session_optimizer_asia_eurjpy_medium,live_policy,medium,10000.0,3,0.1515,7.146576,1.3905,1.3905,3,basket_tp_pips,30,false,false,false,
GBPJPY,new_york,2026-03-17T12:00:00.000000+0000,2026-03-17T21:00:00.000000+0000,2026-03-17T20:30:00.000000+0000,session_optimizer_asia_gbpjpy_medium,live_policy,medium,10000.0,5,0.259181,-49.697322,54.439902,49.258499,5,basket_sl_pips,422,false,false,false,
GBPUSD,new_york,2026-03-17T12:00:00.000000+0000,2026-03-17T21:00:00.000000+0000,2026-03-17T20:30:00.000000+0000,session_optimizer_asia_gbpusd_medium,live_policy,medium,10000.0,5,0.265506,-30.858714,56.801659,53.66544,5,daily_liquidation,531,true,false,false,
NZDUSD,new_york,2026-03-17T12:00:00.000000+0000,2026-03-17T21:00:00.000000+0000,2026-03-17T20:30:00.000000+0000,session_optimizer_asia_nzdusd_medium,live_policy,medium,10000.0,3,0.157625,-8.488188,41.392325,35.74155,3,daily_liquidation,531,true,false,false,
EURJPY,new_york,2026-03-18T12:00:00.000000+0000,2026-03-18T21:00:00.000000+0000,2026-03-18T20:30:00.000000+0000,session_optimizer_asia_eurjpy_medium,live_policy,medium,10000.0,3,0.1515,7.146576,1.0197,1.0197,3,basket_tp_pips,42,false,false,false,
GBPJPY,new_york,2026-03-18T12:00:00.000000+0000,2026-03-18T21:00:00.000000+0000,2026-03-18T20:30:00.000000+0000,session_optimizer_asia_gbpjpy_medium,live_policy,medium,10000.0,3,0.1515,7.146576,4.635,2.6883,3,basket_tp_pips,65,false,false,false,
GBPUSD,new_york,2026-03-18T12:00:00.000000+0000,2026-03-18T21:00:00.000000+0000,2026-03-18T20:30:00.000000+0000,session_optimizer_asia_gbpusd_medium,live_policy,medium,10000.0,5,0.265506,-74.902364,73.890274,73.890274,5,basket_sl_pips,147,false,false,false,
NZDUSD,new_york,2026-03-18T12:00:00.000000+0000,2026-03-18T21:00:00.000000+0000,2026-03-18T20:30:00.000000+0000,session_optimizer_asia_nzdusd_medium,live_policy,medium,10000.0,1,0.05,6.5,0.65,0.52,1,basket_tp_pips,8,false,false,false,
EURJPY,new_york,2026-03-19T12:00:00.000000+0000,2026-03-19T21:00:00.000000+0000,2026-03-19T20:30:00.000000+0000,session_optimizer_asia_eurjpy_medium,live_policy,medium,10000.0,3,0.1515,7.146576,2.5956,2.5956,3,basket_tp_pips,49,false,false,false,
GBPJPY,new_york,2026-03-19T12:00:00.000000+0000,2026-03-19T21:00:00.000000+0000,2026-03-19T20:30:00.000000+0000,session_optimizer_asia_gbpjpy_medium,live_policy,medium,10000.0,3,0.1515,7.146576,4.1715,4.1715,3,basket_tp_pips,5,false,false,false,
GBPUSD,new_york,2026-03-19T12:00:00.000000+0000,2026-03-19T21:00:00.000000+0000,2026-03-19T20:30:00.000000+0000,session_optimizer_asia_gbpusd_medium,live_policy,medium,10000.0,3,0.1525,10.487195,1.911,1.911,3,basket_tp_pips,5,false,false,false,
NZDUSD,new_york,2026-03-19T12:00:00.000000+0000,2026-03-19T21:00:00.000000+0000,2026-03-19T20:30:00.000000+0000,session_optimizer_asia_nzdusd_medium,live_policy,medium,10000.0,1,0.05,6.5,2.73,0.455,1,basket_tp_pips,21,false,false,false,
EURJPY,new_york,2026-03-20T12:00:00.000000+0000,2026-03-20T21:00:00.000000+0000,2026-03-20T20:30:00.000000+0000,session_optimizer_asia_eurjpy_medium,live_policy,medium,10000.0,3,0.1515,7.146576,4.21785,0.60255,3,basket_tp_pips,146,false,false,false,
GBPJPY,new_york,2026-03-20T12:00:00.000000+0000,2026-03-20T21:00:00.000000+0000,2026-03-20T20:30:00.000000+0000,session_optimizer_asia_gbpjpy_medium,live_policy,medium,10000.0,4,0.204545,14.45658,8.015305,8.015305,4,basket_tp_pips,35,false,false,false,
GBPUSD,new_york,2026-03-20T12:00:00.000000+0000,2026-03-20T21:00:00.000000+0000,2026-03-20T20:30:00.000000+0000,session_optimizer_asia_gbpusd_medium,live_policy,medium,10000.0,3,0.1525,10.487195,3.4125,3.003,3,basket_tp_pips,40,false,false,false,
NZDUSD,new_york,2026-03-20T12:00:00.000000+0000,2026-03-20T21:00:00.000000+0000,2026-03-20T20:30:00.000000+0000,session_optimizer_asia_nzdusd_medium,live_policy,medium,10000.0,1,0.05,6.5,4.095,4.095,1,basket_tp_pips,43,false,false,false,
EURJPY,new_york,2026-03-21T12:00:00.000000+0000,2026-03-21T21:00:00.000000+0000,2026-03-21T20:30:00.000000+0000,session_optimizer_asia_eurjpy_medium,live_policy,medium,10000.0,0,0.0,0.0,0.0,0.0,0,no_bars,0,false,false,false,
GBPJPY,new_york,2026-03-21T12:00:00.000000+0000,2026-03-21T21:00:00.000000+0000,2026-03-21T20:30:00.000000+0000,session_optimizer_asia_gbpjpy_medium,live_policy,medium,10000.0,0,0.0,0.0,0.0,0.0,0,no_bars,0,false,false,false,
GBPUSD,new_york,2026-03-21T12:00:00.000000+0000,2026-03-21T21:00:00.000000+0000,2026-03-21T20:30:00.000000+0000,session_optimizer_asia_gbpusd_medium,live_policy,medium,10000.0,0,0.0,0.0,0.0,0.0,0,no_bars,0,false,false,false,
NZDUSD,new_york,2026-03-21T12:00:00.000000+0000,2026-03-21T21:00:00.000000+0000,2026-03-21T20:30:00.000000+0000,session_optimizer_asia_nzdusd_medium,live_policy,medium,10000.0,0,0.0,0.0,0.0,0.0,0,no_bars,0,false,false,false,
EURJPY,new_york,2026-03-22T12:00:00.000000+0000,2026-03-22T21:00:00.000000+0000,2026-03-22T20:30:00.000000+0000,session_optimizer_asia_eurjpy_medium,live_policy,medium,10000.0,0,0.0,0.0,0.0,0.0,0,no_bars,0,false,false,false,
GBPJPY,new_york,2026-03-22T12:00:00.000000+0000,2026-03-22T21:00:00.000000+0000,2026-03-22T20:30:00.000000+0000,session_optimizer_asia_gbpjpy_medium,live_policy,medium,10000.0,0,0.0,0.0,0.0,0.0,0,no_bars,0,false,false,false,
GBPUSD,new_york,2026-03-22T12:00:00.000000+0000,2026-03-22T21:00:00.000000+0000,2026-03-22T20:30:00.000000+0000,session_optimizer_asia_gbpusd_medium,live_policy,medium,10000.0,0,0.0,0.0,0.0,0.0,0,no_bars,0,false,false,false,
NZDUSD,new_york,2026-03-22T12:00:00.000000+0000,2026-03-22T21:00:00.000000+0000,2026-03-22T20:30:00.000000+0000,session_optimizer_asia_nzdusd_medium,live_policy,medium,10000.0,0,0.0,0.0,0.0,0.0,0,no_bars,0,false,false,false,
EURJPY,new_york,2026-03-23T12:00:00.000000+0000,2026-03-23T21:00:00.000000+0000,2026-03-23T20:30:00.000000+0000,session_optimizer_asia_eurjpy_medium,live_policy,medium,10000.0,3,0.1515,7.146576,1.25145,1.25145,3,basket_tp_pips,32,false,false,false,
GBPJPY,new_york,2026-03-23T12:00:00.000000+0000,2026-03-23T21:00:00.000000+0000,2026-03-23T20:30:00.000000+0000,session_optimizer_asia_gbpjpy_medium,live_policy,medium,10000.0,3,0.1515,7.146576,0.7416,0.7416,3,basket_tp_pips,4,false,false,false,
GBPUSD,new_york,2026-03-23T12:00:00.000000+0000,2026-03-23T21:00:00.000000+0000,2026-03-23T20:30:00.000000+0000,session_optimizer_asia_gbpusd_medium,live_policy,medium,10000.0,3,0.1525,10.487195,0.546,0.546,3,basket_tp_pips,4,false,false,false,
NZDUSD,new_york,2026-03-23T12:00:00.000000+0000,2026-03-23T21:00:00.000000+0000,2026-03-23T20:30:00.000000+0000,session_optimizer_asia_nzdusd_medium,live_policy,medium,10000.0,4,0.215506,-112.06312,112.540589,111.305589,4,basket_sl_pips,138,false,false,false,
EURJPY,new_york,2026-03-24T12:00:00.000000+0000,2026-03-24T21:00:00.000000+0000,2026-03-24T20:30:00.000000+0000,session_optimizer_asia_eurjpy_medium,live_policy,medium,10000.0,5,0.256045,10.053779,4.392126,0.32445,5,daily_liquidation,531,true,false,false,
GBPJPY,new_york,2026-03-24T12:00:00.000000+0000,2026-03-24T21:00:00.000000+0000,2026-03-24T20:30:00.000000+0000,session_optimizer_asia_gbpjpy_medium,live_policy,medium,10000.0,3,0.1515,7.146576,1.4832,1.4832,3,basket_tp_pips,32,false,false,false,
GBPUSD,new_york,2026-03-24T12:00:00.000000+0000,2026-03-24T21:00:00.000000+0000,2026-03-24T20:30:00.000000+0000,session_optimizer_asia_gbpusd_medium,live_policy,medium,10000.0,4,0.207625,21.373724,21.079012,21.079012,4,basket_tp_pips,131,false,false,false,
NZDUSD,new_york,2026-03-24T12:00:00.000000+0000,2026-03-24T21:00:00.000000+0000,2026-03-24T20:30:00.000000+0000,session_optimizer_asia_nzdusd_medium,live_policy,medium,10000.0,1,0.05,6.5,0.91,0.91,1,basket_tp_pips,18,false,false,false,
EURJPY,new_york,2026-03-25T12:00:00.000000+0000,2026-03-25T21:00:00.000000+0000,2026-03-25T20:30:00.000000+0000,session_optimizer_asia_eurjpy_medium,live_policy,medium,10000.0,4,0.204545,14.45658,22.58172,14.978002,4,basket_tp_pips,335,false,false,false,
GBPJPY,new_york,2026-03-25T12:00:00.000000+0000,2026-03-25T21:00:00.000000+0000,2026-03-25T20:30:00.000000+0000,session_optimizer_asia_gbpjpy_medium,live_policy,medium,10000.0,6,0.310681,30.233701,27.135612,6.102526,6,basket_tp_pips,275,false,false,false,
GBPUSD,new_york,2026-03-25T12:00:00.000000+0000,2026-03-25T21:00:00.000000+0000,2026-03-25T20:30:00.000000+0000,session_optimizer_asia_gbpusd_medium,live_policy,medium,10000.0,3,0.1525,10.487195,0.819,0.819,3,basket_tp_pips,17,false,false,false,
NZDUSD,new_york,2026-03-25T12:00:00.000000+0000,2026-03-25T21:00:00.000000+0000,2026-03-25T20:30:00.000000+0000,session_optimizer_asia_nzdusd_medium,live_policy,medium,10000.0,1,0.05,6.5,3.38,3.38,1,basket_tp_pips,21,false,false,false,
EURJPY,new_york,2026-03-26T12:00:00.000000+0000,2026-03-26T21:00:00.000000+0000,2026-03-26T20:30:00.000000+0000,session_optimizer_asia_eurjpy_medium,live_policy,medium,10000.0,5,0.259181,12.058022,24.300379,23.471177,5,daily_liquidation,531,true,false,false,
GBPJPY,new_york,2026-03-26T12:00:00.000000+0000,2026-03-26T21:00:00.000000+0000,2026-03-26T20:30:00.000000+0000,session_optimizer_asia_gbpjpy_medium,live_policy,medium,10000.0,5,0.259181,21.934128,46.966293,46.966293,5,basket_tp_pips,355,false,false,false,
GBPUSD,new_york,2026-03-26T12:00:00.000000+0000,2026-03-26T21:00:00.000000+0000,2026-03-26T20:30:00.000000+0000,session_optimizer_asia_gbpusd_medium,live_policy,medium,10000.0,5,0.265506,32.676536,63.599726,62.917226,5,basket_tp_pips,266,false,false,false,
NZDUSD,new_york,2026-03-26T12:00:00.000000+0000,2026-03-26T21:00:00.000000+0000,2026-03-26T20:30:00.000000+0000,session_optimizer_asia_nzdusd_medium,live_policy,medium,10000.0,2,0.1025,13.325,20.34175,20.34175,2,basket_tp_pips,263,false,false,false,
EURJPY,new_york,2026-03-27T12:00:00.000000+0000,2026-03-27T21:00:00.000000+0000,2026-03-27T20:30:00.000000+0000,session_optimizer_asia_eurjpy_medium,live_policy,medium,10000.0,3,0.1515,7.146576,0.927,0.50985,3,basket_tp_pips,26,false,false,false,
GBPJPY,new_york,2026-03-27T12:00:00.000000+0000,2026-03-27T21:00:00.000000+0000,2026-03-27T20:30:00.000000+0000,session_optimizer_asia_gbpjpy_medium,live_policy,medium,10000.0,3,0.1515,7.146576,4.1715,2.011724,3,basket_tp_pips,84,false,false,false,
GBPUSD,new_york,2026-03-27T12:00:00.000000+0000,2026-03-27T21:00:00.000000+0000,2026-03-27T20:30:00.000000+0000,session_optimizer_asia_gbpusd_medium,live_policy,medium,10000.0,3,0.1525,10.487195,6.825,0.273,3,basket_tp_pips,85,false,false,false,
NZDUSD,new_york,2026-03-27T12:00:00.000000+0000,2026-03-27T21:00:00.000000+0000,2026-03-27T20:30:00.000000+0000,session_optimizer_asia_nzdusd_medium,live_policy,medium,10000.0,1,0.05,6.5,0.455,0.455,1,basket_tp_pips,8,false,false,false,
EURJPY,new_york,2026-03-28T12:00:00.000000+0000,2026-03-28T21:00:00.000000+0000,2026-03-28T20:30:00.000000+0000,session_optimizer_asia_eurjpy_medium,live_policy,medium,10000.0,0,0.0,0.0,0.0,0.0,0,no_bars,0,false,false,false,
GBPJPY,new_york,2026-03-28T12:00:00.000000+0000,2026-03-28T21:00:00.000000+0000,2026-03-28T20:30:00.000000+0000,session_optimizer_asia_gbpjpy_medium,live_policy,medium,10000.0,0,0.0,0.0,0.0,0.0,0,no_bars,0,false,false,false,
GBPUSD,new_york,2026-03-28T12:00:00.000000+0000,2026-03-28T21:00:00.000000+0000,2026-03-28T20:30:00.000000+0000,session_optimizer_asia_gbpusd_medium,live_policy,medium,10000.0,0,0.0,0.0,0.0,0.0,0,no_bars,0,false,false,false,
NZDUSD,new_york,2026-03-28T12:00:00.000000+0000,2026-03-28T21:00:00.000000+0000,2026-03-28T20:30:00.000000+0000,session_optimizer_asia_nzdusd_medium,live_policy,medium,10000.0,0,0.0,0.0,0.0,0.0,0,no_bars,0,false,false,false,
EURJPY,new_york,2026-03-29T12:00:00.000000+0000,2026-03-29T21:00:00.000000+0000,2026-03-29T20:30:00.000000+0000,session_optimizer_asia_eurjpy_medium,live_policy,medium,10000.0,0,0.0,0.0,0.0,0.0,0,no_bars,0,false,false,false,
GBPJPY,new_york,2026-03-29T12:00:00.000000+0000,2026-03-29T21:00:00.000000+0000,2026-03-29T20:30:00.000000+0000,session_optimizer_asia_gbpjpy_medium,live_policy,medium,10000.0,0,0.0,0.0,0.0,0.0,0,no_bars,0,false,false,false,
GBPUSD,new_york,2026-03-29T12:00:00.000000+0000,2026-03-29T21:00:00.000000+0000,2026-03-29T20:30:00.000000+0000,session_optimizer_asia_gbpusd_medium,live_policy,medium,10000.0,0,0.0,0.0,0.0,0.0,0,no_bars,0,false,false,false,
NZDUSD,new_york,2026-03-29T12:00:00.000000+0000,2026-03-29T21:00:00.000000+0000,2026-03-29T20:30:00.000000+0000,session_optimizer_asia_nzdusd_medium,live_policy,medium,10000.0,0,0.0,0.0,0.0,0.0,0,no_bars,0,false,false,false,
EURJPY,new_york,2026-03-30T12:00:00.000000+0000,2026-03-30T21:00:00.000000+0000,2026-03-30T20:30:00.000000+0000,session_optimizer_asia_eurjpy_medium,live_policy,medium,10000.0,5,0.259181,-49.697322,49.498683,47.969133,5,basket_sl_pips,223,false,false,false,
GBPJPY,new_york,2026-03-30T12:00:00.000000+0000,2026-03-30T21:00:00.000000+0000,2026-03-30T20:30:00.000000+0000,session_optimizer_asia_gbpjpy_medium,live_policy,medium,10000.0,5,0.259181,-49.697322,46.64608,42.38188,5,basket_sl_pips,96,false,false,false,
GBPUSD,new_york,2026-03-30T12:00:00.000000+0000,2026-03-30T21:00:00.000000+0000,2026-03-30T20:30:00.000000+0000,session_optimizer_asia_gbpusd_medium,live_policy,medium,10000.0,3,0.1525,10.487195,4.095,0.75075,3,basket_tp_pips,37,false,false,false,
NZDUSD,new_york,2026-03-30T12:00:00.000000+0000,2026-03-30T21:00:00.000000+0000,2026-03-30T20:30:00.000000+0000,session_optimizer_asia_nzdusd_medium,live_policy,medium,10000.0,1,0.05,6.5,5.33,3.12,1,basket_tp_pips,96,false,false,false,
EURJPY,new_york,2026-03-31T12:00:00.000000+0000,2026-03-31T21:00:00.000000+0000,2026-03-31T20:30:00.000000+0000,session_optimizer_asia_eurjpy_medium,live_policy,medium,10000.0,5,0.259181,21.934128,39.790285,33.786106,5,basket_tp_pips,178,false,false,false,
GBPJPY,new_york,2026-03-31T12:00:00.000000+0000,2026-03-31T21:00:00.000000+0000,2026-03-31T20:30:00.000000+0000,session_optimizer_asia_gbpjpy_medium,live_policy,medium,10000.0,4,0.204545,14.45658,8.562236,6.698038,4,basket_tp_pips,57,false,false,false,
GBPUSD,new_york,2026-03-31T12:00:00.000000+0000,2026-03-31T21:00:00.000000+0000,2026-03-31T20:30:00.000000+0000,session_optimizer_asia_gbpusd_medium,live_policy,medium,10000.0,3,0.1525,10.487195,3.4125,2.0475,3,basket_tp_pips,65,false,false,false,
NZDUSD,new_york,2026-03-31T12:00:00.000000+0000,2026-03-31T21:00:00.000000+0000,2026-03-31T20:30:00.000000+0000,session_optimizer_asia_nzdusd_medium,live_policy,medium,10000.0,1,0.05,6.5,3.965,3.965,1,basket_tp_pips,65,false,false,false,
