pair,session_name,session_start_utc,session_end_utc,managed_close_start_utc,policy_id,policy_source,risk_mode,account_equity,trade_count,gross_lots,realized_pnl,max_drawdown,max_adverse_excursion,max_open_legs,exit_reason,bars_processed,entered_managed_close,gated_by_event_risk,gated_by_entry_intent,derived_entry_direction
EURJPY,london,2026-03-02T03:00:00.000000+0000,2026-03-02T10:00:00.000000+0000,2026-03-02T10:00:00.000000+0000,both_sides_normal,live_policy,medium,10000.0,3,0.192,3.122182,0.1296,0.1296,3,basket_tp_pips,6,false,false,false,
GBPJPY,london,2026-03-02T03:00:00.000000+0000,2026-03-02T10:00:00.000000+0000,2026-03-02T10:00:00.000000+0000,session_optimizer_new_york_gbpjpy_medium,live_policy,medium,10000.0,5,0.307254,8.414652,0.630175,0.16686,5,basket_tp_pips,13,false,false,false,
GBPUSD,london,2026-03-02T03:00:00.000000+0000,2026-03-02T10:00:00.000000+0000,2026-03-02T10:00:00.000000+0000,session_optimizer_new_york_gbpusd_medium,live_policy,medium,10000.0,4,0.24915,8.258293,4.28337,4.28337,4,basket_tp_pips,10,false,false,false,
NZDUSD,london,2026-03-02T03:00:00.000000+0000,2026-03-02T10:00:00.000000+0000,2026-03-02T10:00:00.000000+0000,session_optimizer_new_york_nzdusd_medium,live_policy,medium,10000.0,1,0.06,2.34,1.248,1.248,1,basket_tp_pips,3,false,false,false,
EURJPY,london,2026-03-03T03:00:00.000000+0000,2026-03-03T10:00:00.000000+0000,2026-03-03T10:00:00.000000+0000,both_sides_normal,live_policy,medium,10000.0,3,0.192,3.122182,0.0,0.0,3,basket_tp_pips,2,false,false,false,
GBPJPY,london,2026-03-03T03:00:00.000000+0000,2026-03-03T10:00:00.000000+0000,2026-03-03T10:00:00.000000+0000,session_optimizer_new_york_gbpjpy_medium,live_policy,medium,10000.0,3,0.1818,2.764561,1.33488,1.33488,3,basket_tp_pips,5,false,false,false,
GBPUSD,london,2026-03-03T03:00:00.000000+0000,2026-03-03T10:00:00.000000+0000,2026-03-03T10:00:00.000000+0000,session_optimizer_new_york_gbpusd_medium,live_policy,medium,10000.0,3,0.183,4.055049,1.4742,1.4742,3,basket_tp_pips,9,false,false,false,
NZDUSD,london,2026-03-03T03:00:00.000000+0000,2026-03-03T10:00:00.000000+0000,2026-03-03T10:00:00.000000+0000,session_optimizer_new_york_nzdusd_medium,live_policy,medium,10000.0,1,0.06,2.34,2.418,2.418,1,basket_tp_pips,6,false,false,false,
EURJPY,london,2026-03-04T03:00:00.000000+0000,2026-03-04T10:00:00.000000+0000,2026-03-04T10:00:00.000000+0000,both_sides_normal,live_policy,medium,10000.0,3,0.192,3.122182,1.6848,1.6848,3,basket_tp_pips,6,false,false,false,
GBPJPY,london,2026-03-04T03:00:00.000000+0000,2026-03-04T10:00:00.000000+0000,2026-03-04T10:00:00.000000+0000,session_optimizer_new_york_gbpjpy_medium,live_policy,medium,10000.0,0,0.0,0.0,0.0,0.0,0,event_risk_gated,0,false,true,false,
GBPUSD,london,2026-03-04T03:00:00.000000+0000,2026-03-04T10:00:00.000000+0000,2026-03-04T10:00:00.000000+0000,session_optimizer_new_york_gbpusd_medium,live_policy,medium,10000.0,0,0.0,0.0,0.0,0.0,0,event_risk_gated,0,false,true,false,
NZDUSD,london,2026-03-04T03:00:00.000000+0000,2026-03-04T10:00:00.000000+0000,2026-03-04T10:00:00.000000+0000,session_optimizer_new_york_nzdusd_medium,live_policy,medium,10000.0,1,0.06,2.34,0.0,0.0,1,basket_tp_pips,2,false,false,false,
EURJPY,london,2026-03-05T03:00:00.000000+0000,2026-03-05T10:00:00.000000+0000,2026-03-05T10:00:00.000000+0000,both_sides_normal,live_policy,medium,10000.0,3,0.192,3.122182,1.0368,1.0368,3,basket_tp_pips,6,false,false,false,
GBPJPY,london,2026-03-05T03:00:00.000000+0000,2026-03-05T10:00:00.000000+0000,2026-03-05T10:00:00.000000+0000,session_optimizer_new_york_gbpjpy_medium,live_policy,medium,10000.0,6,0.378549,-111.899396,110.651232,110.651232,6,basket_sl_pips,191,false,false,false,
GBPUSD,london,2026-03-05T03:00:00.000000+0000,2026-03-05T10:00:00.000000+0000,2026-03-05T10:00:00.000000+0000,session_optimizer_new_york_gbpusd_medium,live_policy,medium,10000.0,6,0.391538,-136.456219,143.516207,143.516207,6,drawdown_limit,182,false,false,false,
NZDUSD,london,2026-03-05T03:00:00.000000+0000,2026-03-05T10:00:00.000000+0000,2026-03-05T10:00:00.000000+0000,session_optimizer_new_york_nzdusd_medium,live_policy,medium,10000.0,1,0.06,2.34,1.872,1.872,1,basket_tp_pips,3,false,false,false,
EURJPY,london,2026-03-06T03:00:00.000000+0000,2026-03-06T10:00:00.000000+0000,2026-03-06T10:00:00.000000+0000,both_sides_normal,live_policy,medium,10000.0,3,0.192,3.122182,0.0648,0.0648,3,basket_tp_pips,18,false,false,false,
GBPJPY,london,2026-03-06T03:00:00.000000+0000,2026-03-06T10:00:00.000000+0000,2026-03-06T10:00:00.000000+0000,session_optimizer_new_york_gbpjpy_medium,live_policy,medium,10000.0,3,0.1818,2.764561,1.27926,1.27926,3,basket_tp_pips,18,false,false,false,
GBPUSD,london,2026-03-06T03:00:00.000000+0000,2026-03-06T10:00:00.000000+0000,2026-03-06T10:00:00.000000+0000,session_optimizer_new_york_gbpusd_medium,live_policy,medium,10000.0,3,0.183,4.055049,0.2457,0.2457,3,basket_tp_pips,4,false,false,false,
NZDUSD,london,2026-03-06T03:00:00.000000+0000,2026-03-06T10:00:00.000000+0000,2026-03-06T10:00:00.000000+0000,session_optimizer_new_york_nzdusd_medium,live_policy,medium,10000.0,2,0.123,4.797,3.9195,3.9195,2,basket_tp_pips,9,false,false,false,
EURJPY,london,2026-03-07T03:00:00.000000+0000,2026-03-07T10:00:00.000000+0000,2026-03-07T10:00:00.000000+0000,both_sides_normal,live_policy,medium,10000.0,0,0.0,0.0,0.0,0.0,0,no_bars,0,false,false,false,
GBPJPY,london,2026-03-07T03:00:00.000000+0000,2026-03-07T10:00:00.000000+0000,2026-03-07T10:00:00.000000+0000,session_optimizer_new_york_gbpjpy_medium,live_policy,medium,10000.0,0,0.0,0.0,0.0,0.0,0,no_bars,0,false,false,false,
GBPUSD,london,2026-03-07T03:00:00.000000+0000,2026-03-07T10:00:00.000000+0000,2026-03-07T10:00:00.000000+0000,session_optimizer_new_york_gbpusd_medium,live_policy,medium,10000.0,0,0.0,0.0,0.0,0.0,0,no_bars,0,false,false,false,
NZDUSD,london,2026-03-07T03:00:00.000000+0000,2026-03-07T10:00:00.000000+0000,2026-03-07T10:00:00.000000+0000,session_optimizer_new_york_nzdusd_medium,live_policy,medium,10000.0,0,0.0,0.0,0.0,0.0,0,no_bars,0,false,false,false,
EURJPY,london,2026-03-08T03:00:00.000000+0000,2026-03-08T10:00:00.000000+0000,2026-03-08T10:00:00.000000+0000,both_sides_normal,live_policy,medium,10000.0,0,0.0,0.0,0.0,0.0,0,no_bars,0,false,false,false,
GBPJPY,london,2026-03-08T03:00:00.000000+0000,2026-03-08T10:00:00.000000+0000,2026-03-08T10:00:00.000000+0000,session_optimizer_new_york_gbpjpy_medium,live_policy,medium,10000.0,0,0.0,0.0,0.0,0.0,0,no_bars,0,false,false,false,
GBPUSD,london,2026-03-08T03:00:00.000000+0000,2026-03-08T10:00:00.000000+0000,2026-03-08T10:00:00.000000+0000,session_optimizer_new_york_gbpusd_medium,live_policy,medium,10000.0,0,0.0,0.0,0.0,0.0,0,no_bars,0,false,false,false,
NZDUSD,london,2026-03-08T03:00:00.000000+0000,2026-03-08T10:00:00.000000+0000,2026-03-08T10:00:00.000000+0000,session_optimizer_new_york_nzdusd_medium,live_policy,medium,10000.0,0,0.0,0.0,0.0,0.0,0,no_bars,0,false,false,false,
EURJPY,london,2026-03-09T02:00:00.000000+0000,2026-03-09T10:00:00.000000+0000,2026-03-09T10:00:00.000000+0000,both_sides_normal,live_policy,medium,10000.0,4,0.2784,6.697899,3.16224,3.16224,4,basket_tp_pips,4,false,false,false,
GBPJPY,london,2026-03-09T02:00:00.000000+0000,2026-03-09T10:00:00.000000+0000,2026-03-09T10:00:00.000000+0000,session_optimizer_new_york_gbpjpy_medium,live_policy,medium,10000.0,4,0.245454,5.589816,6.515327,6.515327,4,basket_tp_pips,4,false,false,false,
GBPUSD,london,2026-03-09T02:00:00.000000+0000,2026-03-09T10:00:00.000000+0000,2026-03-09T10:00:00.000000+0000,session_optimizer_new_york_gbpusd_medium,live_policy,medium,10000.0,6,0.391538,17.134117,26.014888,25.261408,6,basket_tp_pips,16,false,false,false,
NZDUSD,london,2026-03-09T02:00:00.000000+0000,2026-03-09T10:00:00.000000+0000,2026-03-09T10:00:00.000000+0000,session_optimizer_new_york_nzdusd_medium,live_policy,medium,10000.0,2,0.123,4.797,3.5997,3.5997,2,basket_tp_pips,3,false,false,false,
EURJPY,london,2026-03-10T02:00:00.000000+0000,2026-03-10T10:00:00.000000+0000,2026-03-10T10:00:00.000000+0000,both_sides_normal,live_policy,medium,10000.0,3,0.192,3.122182,0.0,0.0,3,basket_tp_pips,4,false,false,false,
GBPJPY,london,2026-03-10T02:00:00.000000+0000,2026-03-10T10:00:00.000000+0000,2026-03-10T10:00:00.000000+0000,session_optimizer_new_york_gbpjpy_medium,live_policy,medium,10000.0,3,0.1818,2.764561,0.0,0.0,3,basket_tp_pips,2,false,false,false,
GBPUSD,london,2026-03-10T02:00:00.000000+0000,2026-03-10T10:00:00.000000+0000,2026-03-10T10:00:00.000000+0000,session_optimizer_new_york_gbpusd_medium,live_policy,medium,10000.0,3,0.183,4.055049,0.3276,0.3276,3,basket_tp_pips,9,false,false,false,
NZDUSD,london,2026-03-10T02:00:00.000000+0000,2026-03-10T10:00:00.000000+0000,2026-03-10T10:00:00.000000+0000,session_optimizer_new_york_nzdusd_medium,live_policy,medium,10000.0,1,0.06,2.34,2.652,2.652,1,basket_tp_pips,4,false,false,false,
EURJPY,london,2026-03-11T02:00:00.000000+0000,2026-03-11T10:00:00.000000+0000,2026-03-11T10:00:00.000000+0000,both_sides_normal,live_policy,medium,10000.0,3,0.192,3.122182,0.5832,0.5832,3,basket_tp_pips,6,false,false,false,
GBPJPY,london,2026-03-11T02:00:00.000000+0000,2026-03-11T10:00:00.000000+0000,2026-03-11T10:00:00.000000+0000,session_optimizer_new_york_gbpjpy_medium,live_policy,medium,10000.0,3,0.1818,2.764561,0.8343,0.8343,3,basket_tp_pips,7,false,false,false,
GBPUSD,london,2026-03-11T02:00:00.000000+0000,2026-03-11T10:00:00.000000+0000,2026-03-11T10:00:00.000000+0000,session_optimizer_new_york_gbpusd_medium,live_policy,medium,10000.0,3,0.183,4.055049,1.9656,1.9656,3,basket_tp_pips,23,false,false,false,
NZDUSD,london,2026-03-11T02:00:00.000000+0000,2026-03-11T10:00:00.000000+0000,2026-03-11T10:00:00.000000+0000,session_optimizer_new_york_nzdusd_medium,live_policy,medium,10000.0,1,0.06,2.34,0.936,0.936,1,basket_tp_pips,2,false,false,false,
EURJPY,london,2026-03-12T02:00:00.000000+0000,2026-03-12T10:00:00.000000+0000,2026-03-12T10:00:00.000000+0000,both_sides_normal,live_policy,medium,10000.0,3,0.192,3.122182,0.1944,0.1944,3,basket_tp_pips,6,false,false,false,
GBPJPY,london,2026-03-12T02:00:00.000000+0000,2026-03-12T10:00:00.000000+0000,2026-03-12T10:00:00.000000+0000,session_optimizer_new_york_gbpjpy_medium,live_policy,medium,10000.0,4,0.245454,5.589816,3.353886,3.353886,4,basket_tp_pips,14,false,false,false,
GBPUSD,london,2026-03-12T02:00:00.000000+0000,2026-03-12T10:00:00.000000+0000,2026-03-12T10:00:00.000000+0000,session_optimizer_new_york_gbpusd_medium,live_policy,medium,10000.0,3,0.183,4.055049,1.4742,1.4742,3,basket_tp_pips,14,false,false,false,
NZDUSD,london,2026-03-12T02:00:00.000000+0000,2026-03-12T10:00:00.000000+0000,2026-03-12T10:00:00.000000+0000,session_optimizer_new_york_nzdusd_medium,live_policy,medium,10000.0,1,0.06,2.34,0.78,0.78,1,basket_tp_pips,2,false,false,false,
EURJPY,london,2026-03-13T02:00:00.000000+0000,2026-03-13T10:00:00.000000+0000,2026-03-13T10:00:00.000000+0000,both_sides_normal,live_policy,medium,10000.0,3,0.192,3.122182,0.3888,0.3888,3,basket_tp_pips,7,false,false,false,
GBPJPY,london,2026-03-13T02:00:00.000000+0000,2026-03-13T10:00:00.000000+0000,2026-03-13T10:00:00.000000+0000,session_optimizer_new_york_gbpjpy_medium,live_policy,medium,10000.0,3,0.1818,2.764561,0.5562,0.16686,3,basket_tp_pips,7,false,false,false,
GBPUSD,london,2026-03-13T02:00:00.000000+0000,2026-03-13T10:00:00.000000+0000,2026-03-13T10:00:00.000000+0000,session_optimizer_new_york_gbpusd_medium,live_policy,medium,10000.0,3,0.183,4.055049,1.638,1.638,3,basket_tp_pips,15,false,false,false,
NZDUSD,london,2026-03-13T02:00:00.000000+0000,2026-03-13T10:00:00.000000+0000,2026-03-13T10:00:00.000000+0000,session_optimizer_new_york_nzdusd_medium,live_policy,medium,10000.0,1,0.06,2.34,1.17,1.17,1,basket_tp_pips,2,false,false,false,
EURJPY,london,2026-03-14T02:00:00.000000+0000,2026-03-14T10:00:00.000000+0000,2026-03-14T10:00:00.000000+0000,both_sides_normal,live_policy,medium,10000.0,0,0.0,0.0,0.0,0.0,0,no_bars,0,false,false,false,
GBPJPY,london,2026-03-14T02:00:00.000000+0000,2026-03-14T10:00:00.000000+0000,2026-03-14T10:00:00.000000+0000,session_optimizer_new_york_gbpjpy_medium,live_policy,medium,10000.0,0,0.0,0.0,0.0,0.0,0,no_bars,0,false,false,false,
GBPUSD,london,2026-03-14T02:00:00.000000+0000,2026-03-14T10:00:00.000000+0000,2026-03-14T10:00:00.000000+0000,session_optimizer_new_york_gbpusd_medium,live_policy,medium,10000.0,0,0.0,0.0,0.0,0.0,0,no_bars,0,false,false,false,
NZDUSD,london,2026-03-14T02:00:00.000000+0000,2026-03-14T10:00:00.000000+0000,2026-03-14T10:00:00.000000+0000,session_optimizer_new_york_nzdusd_medium,live_policy,medium,10000.0,0,0.0,0.0,0.0,0.0,0,no_bars,0,false,false,false,
EURJPY,london,2026-03-15T02:00:00.000000+0000,2026-03-15T10:00:00.000000+0000,2026-03-15T10:00:00.000000+0000,both_sides_normal,live_policy,medium,10000.0,0,0.0,0.0,0.0,0.0,0,no_bars,0,false,false,false,
GBPJPY,london,2026-03-15T02:00:00.000000+0000,2026-03-15T10:00:00.000000+0000,2026-03-15T10:00:00.000000+0000,session_optimizer_new_york_gbpjpy_medium,live_policy,medium,10000.0,0,0.0,0.0,0.0,0.0,0,no_bars,0,false,false,false,
GBPUSD,london,2026-03-15T02:00:00.000000+0000,2026-03-15T10:00:00.000000+0000,2026-03-15T10:00:00.000000+0000,session_optimizer_new_york_gbpusd_medium,live_policy,medium,10000.0,0,0.0,0.0,0.0,0.0,0,no_bars,0,false,false,false,
NZDUSD,london,2026-03-15T02:00:00.000000+0000,2026-03-15T10:00:00.000000+0000,2026-03-15T10:00:00.000000+0000,session_optimizer_new_york_nzdusd_medium,live_policy,medium,10000.0,0,0.0,0.0,0.0,0.0,0,no_bars,0,false,false,false,
EURJPY,london,2026-03-16T02:00:00.000000+0000,2026-03-16T10:00:00.000000+0000,2026-03-16T10:00:00.000000+0000,both_sides_normal,live_policy,medium,10000.0,4,0.2784,6.697899,21.26736,21.26736,4,basket_tp_pips,180,false,false,false,
GBPJPY,london,2026-03-16T02:00:00.000000+0000,2026-03-16T10:00:00.000000+0000,2026-03-16T10:00:00.000000+0000,session_optimizer_new_york_gbpjpy_medium,live_policy,medium,10000.0,3,0.1818,2.764561,0.0,0.0,3,basket_tp_pips,2,false,false,false,
GBPUSD,london,2026-03-16T02:00:00.000000+0000,2026-03-16T10:00:00.000000+0000,2026-03-16T10:00:00.000000+0000,session_optimizer_new_york_gbpusd_medium,live_policy,medium,10000.0,4,0.24915,8.258293,3.3579,3.276,4,basket_tp_pips,49,false,false,false,
NZDUSD,london,2026-03-16T02:00:00.000000+0000,2026-03-16T10:00:00.000000+0000,2026-03-16T10:00:00.000000+0000,session_optimizer_new_york_nzdusd_medium,live_policy,medium,10000.0,1,0.06,2.34,0.468,0.468,1,basket_tp_pips,2,false,false,false,
EURJPY,london,2026-03-17T02:00:00.000000+0000,2026-03-17T10:00:00.000000+0000,2026-03-17T10:00:00.000000+0000,both_sides_normal,live_policy,medium,10000.0,3,0.192,3.122182,2.1384,1.296,3,basket_tp_pips,30,false,false,false,
GBPJPY,london,2026-03-17T02:00:00.000000+0000,2026-03-17T10:00:00.000000+0000,2026-03-17T10:00:00.000000+0000,session_optimizer_new_york_gbpjpy_medium,live_policy,medium,10000.0,3,0.1818,2.764561,0.0,0.0,3,basket_tp_pips,10,false,false,false,
GBPUSD,london,2026-03-17T02:00:00.000000+0000,2026-03-17T10:00:00.000000+0000,2026-03-17T10:00:00.000000+0000,session_optimizer_new_york_gbpusd_medium,live_policy,medium,10000.0,3,0.183,4.055049,3.1122,3.1122,3,basket_tp_pips,106,false,false,false,
NZDUSD,london,2026-03-17T02:00:00.000000+0000,2026-03-17T10:00:00.000000+0000,2026-03-17T10:00:00.000000+0000,session_optimizer_new_york_nzdusd_medium,live_policy,medium,10000.0,1,0.06,2.34,0.39,0.39,1,basket_tp_pips,2,false,false,false,
EURJPY,london,2026-03-18T02:00:00.000000+0000,2026-03-18T10:00:00.000000+0000,2026-03-18T10:00:00.000000+0000,both_sides_normal,live_policy,medium,10000.0,3,0.192,3.122182,0.7128,0.7128,3,basket_tp_pips,21,false,false,false,
GBPJPY,london,2026-03-18T02:00:00.000000+0000,2026-03-18T10:00:00.000000+0000,2026-03-18T10:00:00.000000+0000,session_optimizer_new_york_gbpjpy_medium,live_policy,medium,10000.0,3,0.1818,2.764561,0.0,0.0,3,basket_tp_pips,2,false,false,false,
GBPUSD,london,2026-03-18T02:00:00.000000+0000,2026-03-18T10:00:00.000000+0000,2026-03-18T10:00:00.000000+0000,session_optimizer_new_york_gbpusd_medium,live_policy,medium,10000.0,3,0.183,4.055049,0.819,0.1638,3,basket_tp_pips,23,false,false,false,
NZDUSD,london,2026-03-18T02:00:00.000000+0000,2026-03-18T10:00:00.000000+0000,2026-03-18T10:00:00.000000+0000,session_optimizer_new_york_nzdusd_medium,live_policy,medium,10000.0,1,0.06,2.34,0.78,0.78,1,basket_tp_pips,2,false,false,false,
EURJPY,london,2026-03-19T02:00:00.000000+0000,2026-03-19T10:00:00.000000+0000,2026-03-19T10:00:00.000000+0000,both_sides_normal,live_policy,medium,10000.0,4,0.264,5.184,2.0736,2.0736,4,basket_tp_currency,7,false,false,false,
GBPJPY,london,2026-03-19T02:00:00.000000+0000,2026-03-19T10:00:00.000000+0000,2026-03-19T10:00:00.000000+0000,session_optimizer_new_york_gbpjpy_medium,live_policy,medium,10000.0,4,0.245454,5.589816,3.353886,3.353886,4,basket_tp_pips,7,false,false,false,
GBPUSD,london,2026-03-19T02:00:00.000000+0000,2026-03-19T10:00:00.000000+0000,2026-03-19T10:00:00.000000+0000,session_optimizer_new_york_gbpusd_medium,live_policy,medium,10000.0,3,0.183,4.055049,2.457,2.2932,3,basket_tp_pips,7,false,false,false,
NZDUSD,london,2026-03-19T02:00:00.000000+0000,2026-03-19T10:00:00.000000+0000,2026-03-19T10:00:00.000000+0000,session_optimizer_new_york_nzdusd_medium,live_policy,medium,10000.0,1,0.06,2.34,0.234,0.234,1,basket_tp_pips,2,false,false,false,
EURJPY,london,2026-03-20T02:00:00.000000+0000,2026-03-20T10:00:00.000000+0000,2026-03-20T10:00:00.000000+0000,both_sides_normal,live_policy,medium,10000.0,4,0.2784,-68.858901,67.3149,67.3149,4,basket_sl_pips,417,false,false,false,
GBPJPY,london,2026-03-20T02:00:00.000000+0000,2026-03-20T10:00:00.000000+0000,2026-03-20T10:00:00.000000+0000,session_optimizer_new_york_gbpjpy_medium,live_policy,medium,10000.0,3,0.1818,2.764561,0.0,0.0,3,basket_tp_pips,2,false,false,false,
GBPUSD,london,2026-03-20T02:00:00.000000+0000,2026-03-20T10:00:00.000000+0000,2026-03-20T10:00:00.000000+0000,session_optimizer_new_york_gbpusd_medium,live_policy,medium,10000.0,6,0.391538,17.134117,30.644,29.4974,6,basket_tp_pips,250,false,false,false,
NZDUSD,london,2026-03-20T02:00:00.000000+0000,2026-03-20T10:00:00.000000+0000,2026-03-20T10:00:00.000000+0000,session_optimizer_new_york_nzdusd_medium,live_policy,medium,10000.0,1,0.06,2.34,1.404,1.404,1,basket_tp_pips,2,false,false,false,
EURJPY,london,2026-03-21T02:00:00.000000+0000,2026-03-21T10:00:00.000000+0000,2026-03-21T10:00:00.000000+0000,both_sides_normal,live_policy,medium,10000.0,0,0.0,0.0,0.0,0.0,0,no_bars,0,false,false,false,
GBPJPY,london,2026-03-21T02:00:00.000000+0000,2026-03-21T10:00:00.000000+0000,2026-03-21T10:00:00.000000+0000,session_optimizer_new_york_gbpjpy_medium,live_policy,medium,10000.0,0,0.0,0.0,0.0,0.0,0,no_bars,0,false,false,false,
GBPUSD,london,2026-03-21T02:00:00.000000+0000,2026-03-21T10:00:00.000000+0000,2026-03-21T10:00:00.000000+0000,session_optimizer_new_york_gbpusd_medium,live_policy,medium,10000.0,0,0.0,0.0,0.0,0.0,0,no_bars,0,false,false,false,
NZDUSD,london,2026-03-21T02:00:00.000000+0000,2026-03-21T10:00:00.000000+0000,2026-03-21T10:00:00.000000+0000,session_optimizer_new_york_nzdusd_medium,live_policy,medium,10000.0,0,0.0,0.0,0.0,0.0,0,no_bars,0,false,false,false,
EURJPY,london,2026-03-22T02:00:00.000000+0000,2026-03-22T10:00:00.000000+0000,2026-03-22T10:00:00.000000+0000,both_sides_normal,live_policy,medium,10000.0,0,0.0,0.0,0.0,0.0,0,no_bars,0,false,false,false,
GBPJPY,london,2026-03-22T02:00:00.000000+0000,2026-03-22T10:00:00.000000+0000,2026-03-22T10:00:00.000000+0000,session_optimizer_new_york_gbpjpy_medium,live_policy,medium,10000.0,0,0.0,0.0,0.0,0.0,0,no_bars,0,false,false,false,
GBPUSD,london,2026-03-22T02:00:00.000000+0000,2026-03-22T10:00:00.000000+0000,2026-03-22T10:00:00.000000+0000,session_optimizer_new_york_gbpusd_medium,live_policy,medium,10000.0,0,0.0,0.0,0.0,0.0,0,no_bars,0,false,false,false,
NZDUSD,london,2026-03-22T02:00:00.000000+0000,2026-03-22T10:00:00.000000+0000,2026-03-22T10:00:00.000000+0000,session_optimizer_new_york_nzdusd_medium,live_policy,medium,10000.0,0,0.0,0.0,0.0,0.0,0,no_bars,0,false,false,false,
EURJPY,london,2026-03-23T02:00:00.000000+0000,2026-03-23T10:00:00.000000+0000,2026-03-23T10:00:00.000000+0000,both_sides_normal,live_policy,medium,10000.0,3,0.192,3.122182,1.0368,1.0368,3,basket_tp_pips,7,false,false,false,
GBPJPY,london,2026-03-23T02:00:00.000000+0000,2026-03-23T10:00:00.000000+0000,2026-03-23T10:00:00.000000+0000,session_optimizer_new_york_gbpjpy_medium,live_policy,medium,10000.0,3,0.1818,2.764561,1.61298,1.61298,3,basket_tp_pips,9,false,false,false,
GBPUSD,london,2026-03-23T02:00:00.000000+0000,2026-03-23T10:00:00.000000+0000,2026-03-23T10:00:00.000000+0000,session_optimizer_new_york_gbpusd_medium,live_policy,medium,10000.0,3,0.183,4.055049,2.9484,2.9484,3,basket_tp_pips,13,false,false,false,
NZDUSD,london,2026-03-23T02:00:00.000000+0000,2026-03-23T10:00:00.000000+0000,2026-03-23T10:00:00.000000+0000,session_optimizer_new_york_nzdusd_medium,live_policy,medium,10000.0,1,0.06,2.34,2.73,2.73,1,basket_tp_pips,10,false,false,false,
EURJPY,london,2026-03-24T02:00:00.000000+0000,2026-03-24T10:00:00.000000+0000,2026-03-24T10:00:00.000000+0000,both_sides_normal,live_policy,medium,10000.0,3,0.192,3.122182,0.0,0.0,3,basket_tp_pips,2,false,false,false,
GBPJPY,london,2026-03-24T02:00:00.000000+0000,2026-03-24T10:00:00.000000+0000,2026-03-24T10:00:00.000000+0000,session_optimizer_new_york_gbpjpy_medium,live_policy,medium,10000.0,3,0.1818,2.764561,0.0,0.0,3,basket_tp_pips,2,false,false,false,
GBPUSD,london,2026-03-24T02:00:00.000000+0000,2026-03-24T10:00:00.000000+0000,2026-03-24T10:00:00.000000+0000,session_optimizer_new_york_gbpusd_medium,live_policy,medium,10000.0,3,0.183,4.055049,0.9009,0.9009,3,basket_tp_pips,17,false,false,false,
NZDUSD,london,2026-03-24T02:00:00.000000+0000,2026-03-24T10:00:00.000000+0000,2026-03-24T10:00:00.000000+0000,session_optimizer_new_york_nzdusd_medium,live_policy,medium,10000.0,2,0.123,4.797,2.262,2.262,2,basket_tp_pips,5,false,false,false,
EURJPY,london,2026-03-25T02:00:00.000000+0000,2026-03-25T10:00:00.000000+0000,2026-03-25T10:00:00.000000+0000,both_sides_normal,live_policy,medium,10000.0,4,0.2784,6.697899,3.73248,3.73248,4,basket_tp_pips,10,false,false,false,
GBPJPY,london,2026-03-25T02:00:00.000000+0000,2026-03-25T10:00:00.000000+0000,2026-03-25T10:00:00.000000+0000,session_optimizer_new_york_gbpjpy_medium,live_policy,medium,10000.0,5,0.311018,8.47728,8.804138,8.804138,5,basket_tp_pips,20,false,false,false,
GBPUSD,london,2026-03-25T02:00:00.000000+0000,2026-03-25T10:00:00.000000+0000,2026-03-25T10:00:00.000000+0000,session_optimizer_new_york_gbpusd_medium,live_policy,medium,10000.0,6,0.391538,17.134117,123.894779,121.630244,6,basket_tp_pips,371,false,false,false,
NZDUSD,london,2026-03-25T02:00:00.000000+0000,2026-03-25T10:00:00.000000+0000,2026-03-25T10:00:00.000000+0000,session_optimizer_new_york_nzdusd_medium,live_policy,medium,10000.0,1,0.06,2.34,0.936,0.936,1,basket_tp_pips,2,false,false,false,
EURJPY,london,2026-03-26T02:00:00.000000+0000,2026-03-26T10:00:00.000000+0000,2026-03-26T10:00:00.000000+0000,both_sides_normal,live_policy,medium,10000.0,4,0.2784,6.697899,9.56448,9.43488,4,basket_tp_pips,60,false,false,false,
GBPJPY,london,2026-03-26T02:00:00.000000+0000,2026-03-26T10:00:00.000000+0000,2026-03-26T10:00:00.000000+0000,session_optimizer_new_york_gbpjpy_medium,live_policy,medium,10000.0,6,0.378549,11.428477,20.03306,19.435145,6,basket_tp_pips,88,false,false,false,
GBPUSD,london,2026-03-26T02:00:00.000000+0000,2026-03-26T10:00:00.000000+0000,2026-03-26T10:00:00.000000+0000,session_optimizer_new_york_gbpusd_medium,live_policy,medium,10000.0,5,0.318608,12.615874,18.846641,16.962941,5,basket_tp_pips,85,false,false,false,
NZDUSD,london,2026-03-26T02:00:00.000000+0000,2026-03-26T10:00:00.000000+0000,2026-03-26T10:00:00.000000+0000,session_optimizer_new_york_nzdusd_medium,live_policy,medium,10000.0,1,0.06,2.34,0.39,0.39,1,basket_tp_pips,2,false,false,false,
EURJPY,london,2026-03-27T02:00:00.000000+0000,2026-03-27T10:00:00.000000+0000,2026-03-27T10:00:00.000000+0000,both_sides_normal,live_policy,medium,10000.0,3,0.192,3.122182,0.226706,0.226706,3,basket_tp_pips,7,false,false,false,
GBPJPY,london,2026-03-27T02:00:00.000000+0000,2026-03-27T10:00:00.000000+0000,2026-03-27T10:00:00.000000+0000,session_optimizer_new_york_gbpjpy_medium,live_policy,medium,10000.0,3,0.1818,2.764561,0.77868,0.77868,3,basket_tp_pips,6,false,false,false,
GBPUSD,london,2026-03-27T02:00:00.000000+0000,2026-03-27T10:00:00.000000+0000,2026-03-27T10:00:00.000000+0000,session_optimizer_new_york_gbpusd_medium,live_policy,medium,10000.0,3,0.183,4.055049,3.276,2.457,3,basket_tp_pips,36,false,false,false,
NZDUSD,london,2026-03-27T02:00:00.000000+0000,2026-03-27T10:00:00.000000+0000,2026-03-27T10:00:00.000000+0000,session_optimizer_new_york_nzdusd_medium,live_policy,medium,10000.0,1,0.06,2.34,1.794,1.794,1,basket_tp_pips,4,false,false,false,
EURJPY,london,2026-03-28T02:00:00.000000+0000,2026-03-28T10:00:00.000000+0000,2026-03-28T10:00:00.000000+0000,both_sides_normal,live_policy,medium,10000.0,0,0.0,0.0,0.0,0.0,0,no_bars,0,false,false,false,
GBPJPY,london,2026-03-28T02:00:00.000000+0000,2026-03-28T10:00:00.000000+0000,2026-03-28T10:00:00.000000+0000,session_optimizer_new_york_gbpjpy_medium,live_policy,medium,10000.0,0,0.0,0.0,0.0,0.0,0,no_bars,0,false,false,false,
GBPUSD,london,2026-03-28T02:00:00.000000+0000,2026-03-28T10:00:00.000000+0000,2026-03-28T10:00:00.000000+0000,session_optimizer_new_york_gbpusd_medium,live_policy,medium,10000.0,0,0.0,0.0,0.0,0.0,0,no_bars,0,false,false,false,
NZDUSD,london,2026-03-28T02:00:00.000000+0000,2026-03-28T10:00:00.000000+0000,2026-03-28T10:00:00.000000+0000,session_optimizer_new_york_nzdusd_medium,live_policy,medium,10000.0,0,0.0,0.0,0.0,0.0,0,no_bars,0,false,false,false,
EURJPY,london,2026-03-29T02:00:00.000000+0000,2026-03-29T10:00:00.000000+0000,2026-03-29T10:00:00.000000+0000,both_sides_normal,live_policy,medium,10000.0,0,0.0,0.0,0.0,0.0,0,no_bars,0,false,false,false,
GBPJPY,london,2026-03-29T02:00:00.000000+0000,2026-03-29T10:00:00.000000+0000,2026-03-29T10:00:00.000000+0000,session_optimizer_new_york_gbpjpy_medium,live_policy,medium,10000.0,0,0.0,0.0,0.0,0.0,0,no_bars,0,false,false,false,
GBPUSD,london,2026-03-29T02:00:00.000000+0000,2026-03-29T10:00:00.000000+0000,2026-03-29T10:00:00.000000+0000,session_optimizer_new_york_gbpusd_medium,live_policy,medium,10000.0,0,0.0,0.0,0.0,0.0,0,no_bars,0,false,false,false,
NZDUSD,london,2026-03-29T02:00:00.000000+0000,2026-03-29T10:00:00.000000+0000,2026-03-29T10:00:00.000000+0000,session_optimizer_new_york_nzdusd_medium,live_policy,medium,10000.0,0,0.0,0.0,0.0,0.0,0,no_bars,0,false,false,false,
EURJPY,london,2026-03-30T02:00:00.000000+0000,2026-03-30T10:00:00.000000+0000,2026-03-30T10:00:00.000000+0000,both_sides_normal,live_policy,medium,10000.0,3,0.192,3.122182,0.324,0.324,3,basket_tp_pips,3,false,false,false,
GBPJPY,london,2026-03-30T02:00:00.000000+0000,2026-03-30T10:00:00.000000+0000,2026-03-30T10:00:00.000000+0000,session_optimizer_new_york_gbpjpy_medium,live_policy,medium,10000.0,3,0.1818,2.764561,0.33372,0.33372,3,basket_tp_pips,3,false,false,false,
GBPUSD,london,2026-03-30T02:00:00.000000+0000,2026-03-30T10:00:00.000000+0000,2026-03-30T10:00:00.000000+0000,session_optimizer_new_york_gbpusd_medium,live_policy,medium,10000.0,3,0.183,4.055049,1.638,1.4742,3,basket_tp_pips,15,false,false,false,
NZDUSD,london,2026-03-30T02:00:00.000000+0000,2026-03-30T10:00:00.000000+0000,2026-03-30T10:00:00.000000+0000,session_optimizer_new_york_nzdusd_medium,live_policy,medium,10000.0,1,0.06,2.34,1.326,1.326,1,basket_tp_pips,2,false,false,false,
EURJPY,london,2026-03-31T02:00:00.000000+0000,2026-03-31T10:00:00.000000+0000,2026-03-31T10:00:00.000000+0000,both_sides_normal,live_policy,medium,10000.0,3,0.192,3.122182,0.8424,0.8424,3,basket_tp_pips,7,false,false,false,
GBPJPY,london,2026-03-31T02:00:00.000000+0000,2026-03-31T10:00:00.000000+0000,2026-03-31T10:00:00.000000+0000,session_optimizer_new_york_gbpjpy_medium,live_policy,medium,10000.0,4,0.245454,5.589816,3.240977,3.240977,4,basket_tp_pips,6,false,false,false,
GBPUSD,london,2026-03-31T02:00:00.000000+0000,2026-03-31T10:00:00.000000+0000,2026-03-31T10:00:00.000000+0000,session_optimizer_new_york_gbpusd_medium,live_policy,medium,10000.0,3,0.183,4.055049,1.3104,1.3104,3,basket_tp_pips,9,false,false,false,
NZDUSD,london,2026-03-31T02:00:00.000000+0000,2026-03-31T10:00:00.000000+0000,2026-03-31T10:00:00.000000+0000,session_optimizer_new_york_nzdusd_medium,live_policy,medium,10000.0,1,0.06,2.34,0.312,0.312,1,basket_tp_pips,2,false,false,false,
EURJPY,london,2026-04-01T02:00:00.000000+0000,2026-04-01T10:00:00.000000+0000,2026-04-01T10:00:00.000000+0000,both_sides_normal,live_policy,medium,10000.0,0,0.0,0.0,0.0,0.0,0,no_bars,0,false,false,false,
GBPJPY,london,2026-04-01T02:00:00.000000+0000,2026-04-01T10:00:00.000000+0000,2026-04-01T10:00:00.000000+0000,session_optimizer_new_york_gbpjpy_medium,live_policy,medium,10000.0,0,0.0,0.0,0.0,0.0,0,no_bars,0,false,false,false,
GBPUSD,london,2026-04-01T02:00:00.000000+0000,2026-04-01T10:00:00.000000+0000,2026-04-01T10:00:00.000000+0000,session_optimizer_new_york_gbpusd_medium,live_policy,medium,10000.0,0,0.0,0.0,0.0,0.0,0,no_bars,0,false,false,false,
NZDUSD,london,2026-04-01T02:00:00.000000+0000,2026-04-01T10:00:00.000000+0000,2026-04-01T10:00:00.000000+0000,session_optimizer_new_york_nzdusd_medium,live_policy,medium,10000.0,0,0.0,0.0,0.0,0.0,0,no_bars,0,false,false,false,
