pair,session_name,session_start_utc,session_end_utc,managed_close_start_utc,policy_id,policy_source,risk_mode,account_equity,trade_count,gross_lots,realized_pnl,max_drawdown,max_adverse_excursion,max_open_legs,exit_reason,bars_processed,entered_managed_close,gated_by_event_risk,gated_by_entry_intent,derived_entry_direction
EURJPY,new_york,2026-03-01T13:00:00.000000+0000,2026-03-01T21:00:00.000000+0000,2026-03-01T20:30:00.000000+0000,session_optimizer_asia_eurjpy_medium,live_policy,medium,10000.0,0,0.0,0.0,0.0,0.0,0,no_bars,0,false,false,false,
GBPJPY,new_york,2026-03-01T13:00:00.000000+0000,2026-03-01T21:00:00.000000+0000,2026-03-01T20:30:00.000000+0000,session_optimizer_asia_gbpjpy_medium,live_policy,medium,10000.0,0,0.0,0.0,0.0,0.0,0,no_bars,0,false,false,false,
GBPUSD,new_york,2026-03-01T13:00:00.000000+0000,2026-03-01T21:00:00.000000+0000,2026-03-01T20:30:00.000000+0000,session_optimizer_asia_gbpusd_medium,live_policy,medium,10000.0,0,0.0,0.0,0.0,0.0,0,no_bars,0,false,false,false,
NZDUSD,new_york,2026-03-01T13:00:00.000000+0000,2026-03-01T21:00:00.000000+0000,2026-03-01T20:30:00.000000+0000,session_optimizer_asia_nzdusd_medium,live_policy,medium,10000.0,0,0.0,0.0,0.0,0.0,0,no_bars,0,false,false,false,
EURJPY,new_york,2026-03-02T13:00:00.000000+0000,2026-03-02T21:00:00.000000+0000,2026-03-02T20:30:00.000000+0000,session_optimizer_asia_eurjpy_medium,live_policy,medium,10000.0,4,0.122727,5.83733,4.687932,4.687932,4,basket_tp_pips,43,false,false,false,
GBPJPY,new_york,2026-03-02T13:00:00.000000+0000,2026-03-02T21:00:00.000000+0000,2026-03-02T20:30:00.000000+0000,session_optimizer_asia_gbpjpy_medium,live_policy,medium,10000.0,3,0.0909,2.893336,1.47393,1.47393,3,basket_tp_pips,24,false,false,false,
GBPUSD,new_york,2026-03-02T13:00:00.000000+0000,2026-03-02T21:00:00.000000+0000,2026-03-02T20:30:00.000000+0000,session_optimizer_asia_gbpusd_medium,live_policy,medium,10000.0,3,0.0915,4.234829,3.1941,3.1941,3,basket_tp_pips,67,false,false,false,
NZDUSD,new_york,2026-03-02T13:00:00.000000+0000,2026-03-02T21:00:00.000000+0000,2026-03-02T20:30:00.000000+0000,session_optimizer_asia_nzdusd_medium,live_policy,medium,10000.0,1,0.03,1.56,1.209,1.209,1,basket_tp_pips,6,false,false,false,
EURJPY,new_york,2026-03-03T13:00:00.000000+0000,2026-03-03T21:00:00.000000+0000,2026-03-03T20:30:00.000000+0000,session_optimizer_asia_eurjpy_medium,live_policy,medium,10000.0,3,0.0909,2.893336,1.08459,1.08459,3,basket_tp_pips,51,false,false,false,
GBPJPY,new_york,2026-03-03T13:00:00.000000+0000,2026-03-03T21:00:00.000000+0000,2026-03-03T20:30:00.000000+0000,session_optimizer_asia_gbpjpy_medium,live_policy,medium,10000.0,3,0.0909,2.893336,4.56084,3.3372,3,basket_tp_pips,65,false,false,false,
GBPUSD,new_york,2026-03-03T13:00:00.000000+0000,2026-03-03T21:00:00.000000+0000,2026-03-03T20:30:00.000000+0000,session_optimizer_asia_gbpusd_medium,live_policy,medium,10000.0,3,0.0915,4.234829,0.0,0.0,3,basket_tp_pips,7,false,false,false,
NZDUSD,new_york,2026-03-03T13:00:00.000000+0000,2026-03-03T21:00:00.000000+0000,2026-03-03T20:30:00.000000+0000,session_optimizer_asia_nzdusd_medium,live_policy,medium,10000.0,1,0.03,1.56,0.624,0.624,1,basket_tp_pips,3,false,false,false,
EURJPY,new_york,2026-03-04T13:00:00.000000+0000,2026-03-04T21:00:00.000000+0000,2026-03-04T20:30:00.000000+0000,session_optimizer_asia_eurjpy_medium,live_policy,medium,10000.0,3,0.0909,2.893336,2.25261,1.83546,3,basket_tp_pips,141,false,false,false,
GBPJPY,new_york,2026-03-04T13:00:00.000000+0000,2026-03-04T21:00:00.000000+0000,2026-03-04T20:30:00.000000+0000,session_optimizer_asia_gbpjpy_medium,live_policy,medium,10000.0,3,0.0909,2.893336,0.0,0.0,3,basket_tp_pips,6,false,false,false,
GBPUSD,new_york,2026-03-04T13:00:00.000000+0000,2026-03-04T21:00:00.000000+0000,2026-03-04T20:30:00.000000+0000,session_optimizer_asia_gbpusd_medium,live_policy,medium,10000.0,4,0.124575,8.592745,11.871405,11.871405,4,basket_tp_pips,56,false,false,false,
NZDUSD,new_york,2026-03-04T13:00:00.000000+0000,2026-03-04T21:00:00.000000+0000,2026-03-04T20:30:00.000000+0000,session_optimizer_asia_nzdusd_medium,live_policy,medium,10000.0,2,0.0615,3.198,6.1893,6.1893,2,basket_tp_pips,25,false,false,false,
EURJPY,new_york,2026-03-05T13:00:00.000000+0000,2026-03-05T21:00:00.000000+0000,2026-03-05T20:30:00.000000+0000,session_optimizer_asia_eurjpy_medium,live_policy,medium,10000.0,3,0.0909,2.893336,0.8343,0.2781,3,basket_tp_pips,25,false,false,false,
GBPJPY,new_york,2026-03-05T13:00:00.000000+0000,2026-03-05T21:00:00.000000+0000,2026-03-05T20:30:00.000000+0000,session_optimizer_asia_gbpjpy_medium,live_policy,medium,10000.0,3,0.0909,2.893336,0.2781,0.11124,3,basket_tp_pips,65,false,false,false,
GBPUSD,new_york,2026-03-05T13:00:00.000000+0000,2026-03-05T21:00:00.000000+0000,2026-03-05T20:30:00.000000+0000,session_optimizer_asia_gbpusd_medium,live_policy,medium,10000.0,4,0.124575,8.592745,8.302612,8.261662,4,basket_tp_pips,64,false,false,false,
NZDUSD,new_york,2026-03-05T13:00:00.000000+0000,2026-03-05T21:00:00.000000+0000,2026-03-05T20:30:00.000000+0000,session_optimizer_asia_nzdusd_medium,live_policy,medium,10000.0,1,0.03,1.56,0.156,0.156,1,basket_tp_pips,2,false,false,false,
EURJPY,new_york,2026-03-06T13:00:00.000000+0000,2026-03-06T21:00:00.000000+0000,2026-03-06T20:30:00.000000+0000,session_optimizer_asia_eurjpy_medium,live_policy,medium,10000.0,3,0.0909,2.893336,0.0,0.0,3,basket_tp_pips,31,false,false,false,
GBPJPY,new_york,2026-03-06T13:00:00.000000+0000,2026-03-06T21:00:00.000000+0000,2026-03-06T20:30:00.000000+0000,session_optimizer_asia_gbpjpy_medium,live_policy,medium,10000.0,4,0.122727,5.83733,6.889649,6.889649,4,basket_tp_pips,31,false,false,false,
GBPUSD,new_york,2026-03-06T13:00:00.000000+0000,2026-03-06T21:00:00.000000+0000,2026-03-06T20:30:00.000000+0000,session_optimizer_asia_gbpusd_medium,live_policy,medium,10000.0,6,0.195769,17.694207,48.985924,48.904024,6,basket_tp_pips,54,false,false,false,
NZDUSD,new_york,2026-03-06T13:00:00.000000+0000,2026-03-06T21:00:00.000000+0000,2026-03-06T20:30:00.000000+0000,session_optimizer_asia_nzdusd_medium,live_policy,medium,10000.0,2,0.0615,3.198,3.627,3.627,2,basket_tp_pips,31,false,false,false,
EURJPY,new_york,2026-03-07T13:00:00.000000+0000,2026-03-07T21:00:00.000000+0000,2026-03-07T20:30:00.000000+0000,session_optimizer_asia_eurjpy_medium,live_policy,medium,10000.0,0,0.0,0.0,0.0,0.0,0,no_bars,0,false,false,false,
GBPJPY,new_york,2026-03-07T13:00:00.000000+0000,2026-03-07T21:00:00.000000+0000,2026-03-07T20:30:00.000000+0000,session_optimizer_asia_gbpjpy_medium,live_policy,medium,10000.0,0,0.0,0.0,0.0,0.0,0,no_bars,0,false,false,false,
GBPUSD,new_york,2026-03-07T13:00:00.000000+0000,2026-03-07T21:00:00.000000+0000,2026-03-07T20:30:00.000000+0000,session_optimizer_asia_gbpusd_medium,live_policy,medium,10000.0,0,0.0,0.0,0.0,0.0,0,no_bars,0,false,false,false,
NZDUSD,new_york,2026-03-07T13:00:00.000000+0000,2026-03-07T21:00:00.000000+0000,2026-03-07T20:30:00.000000+0000,session_optimizer_asia_nzdusd_medium,live_policy,medium,10000.0,0,0.0,0.0,0.0,0.0,0,no_bars,0,false,false,false,
EURJPY,new_york,2026-03-08T12:00:00.000000+0000,2026-03-08T21:00:00.000000+0000,2026-03-08T20:30:00.000000+0000,session_optimizer_asia_eurjpy_medium,live_policy,medium,10000.0,0,0.0,0.0,0.0,0.0,0,no_bars,0,false,false,false,
GBPJPY,new_york,2026-03-08T12:00:00.000000+0000,2026-03-08T21:00:00.000000+0000,2026-03-08T20:30:00.000000+0000,session_optimizer_asia_gbpjpy_medium,live_policy,medium,10000.0,0,0.0,0.0,0.0,0.0,0,no_bars,0,false,false,false,
GBPUSD,new_york,2026-03-08T12:00:00.000000+0000,2026-03-08T21:00:00.000000+0000,2026-03-08T20:30:00.000000+0000,session_optimizer_asia_gbpusd_medium,live_policy,medium,10000.0,0,0.0,0.0,0.0,0.0,0,no_bars,0,false,false,false,
NZDUSD,new_york,2026-03-08T12:00:00.000000+0000,2026-03-08T21:00:00.000000+0000,2026-03-08T20:30:00.000000+0000,session_optimizer_asia_nzdusd_medium,live_policy,medium,10000.0,0,0.0,0.0,0.0,0.0,0,no_bars,0,false,false,false,
EURJPY,new_york,2026-03-09T12:00:00.000000+0000,2026-03-09T21:00:00.000000+0000,2026-03-09T20:30:00.000000+0000,session_optimizer_asia_eurjpy_medium,live_policy,medium,10000.0,3,0.0909,2.893336,0.5562,0.5562,3,basket_tp_pips,37,false,false,false,
GBPJPY,new_york,2026-03-09T12:00:00.000000+0000,2026-03-09T21:00:00.000000+0000,2026-03-09T20:30:00.000000+0000,session_optimizer_asia_gbpjpy_medium,live_policy,medium,10000.0,4,0.122727,5.83733,4.631477,4.631477,4,basket_tp_pips,70,false,false,false,
GBPUSD,new_york,2026-03-09T12:00:00.000000+0000,2026-03-09T21:00:00.000000+0000,2026-03-09T20:30:00.000000+0000,session_optimizer_asia_gbpusd_medium,live_policy,medium,10000.0,3,0.0915,4.234829,1.4742,0.28665,3,basket_tp_pips,42,false,false,false,
NZDUSD,new_york,2026-03-09T12:00:00.000000+0000,2026-03-09T21:00:00.000000+0000,2026-03-09T20:30:00.000000+0000,session_optimizer_asia_nzdusd_medium,live_policy,medium,10000.0,1,0.03,1.56,1.95,1.95,1,basket_tp_pips,41,false,false,false,
EURJPY,new_york,2026-03-10T12:00:00.000000+0000,2026-03-10T21:00:00.000000+0000,2026-03-10T20:30:00.000000+0000,session_optimizer_asia_eurjpy_medium,live_policy,medium,10000.0,3,0.0909,2.893336,0.63963,0.63963,3,basket_tp_pips,18,false,false,false,
GBPJPY,new_york,2026-03-10T12:00:00.000000+0000,2026-03-10T21:00:00.000000+0000,2026-03-10T20:30:00.000000+0000,session_optimizer_asia_gbpjpy_medium,live_policy,medium,10000.0,3,0.0909,2.893336,3.30939,3.00348,3,basket_tp_pips,130,false,false,false,
GBPUSD,new_york,2026-03-10T12:00:00.000000+0000,2026-03-10T21:00:00.000000+0000,2026-03-10T20:30:00.000000+0000,session_optimizer_asia_gbpusd_medium,live_policy,medium,10000.0,3,0.0915,4.234829,2.457,0.4095,3,basket_tp_pips,46,false,false,false,
NZDUSD,new_york,2026-03-10T12:00:00.000000+0000,2026-03-10T21:00:00.000000+0000,2026-03-10T20:30:00.000000+0000,session_optimizer_asia_nzdusd_medium,live_policy,medium,10000.0,1,0.03,1.56,0.585,0.585,1,basket_tp_pips,2,false,false,false,
EURJPY,new_york,2026-03-11T12:00:00.000000+0000,2026-03-11T21:00:00.000000+0000,2026-03-11T20:30:00.000000+0000,session_optimizer_asia_eurjpy_medium,live_policy,medium,10000.0,3,0.0909,2.893336,1.9467,1.69641,3,basket_tp_pips,81,false,false,false,
GBPJPY,new_york,2026-03-11T12:00:00.000000+0000,2026-03-11T21:00:00.000000+0000,2026-03-11T20:30:00.000000+0000,session_optimizer_asia_gbpjpy_medium,live_policy,medium,10000.0,3,0.0909,2.893336,0.0,0.0,3,basket_tp_pips,16,false,false,false,
GBPUSD,new_york,2026-03-11T12:00:00.000000+0000,2026-03-11T21:00:00.000000+0000,2026-03-11T20:30:00.000000+0000,session_optimizer_asia_gbpusd_medium,live_policy,medium,10000.0,4,0.124575,8.592745,11.996302,11.955352,4,basket_tp_pips,85,false,false,false,
NZDUSD,new_york,2026-03-11T12:00:00.000000+0000,2026-03-11T21:00:00.000000+0000,2026-03-11T20:30:00.000000+0000,session_optimizer_asia_nzdusd_medium,live_policy,medium,10000.0,1,0.03,1.56,1.677,1.677,1,basket_tp_pips,10,false,false,false,
EURJPY,new_york,2026-03-12T12:00:00.000000+0000,2026-03-12T21:00:00.000000+0000,2026-03-12T20:30:00.000000+0000,session_optimizer_asia_eurjpy_medium,live_policy,medium,10000.0,3,0.0909,2.893336,1.9467,1.30707,3,basket_tp_pips,61,false,false,false,
GBPJPY,new_york,2026-03-12T12:00:00.000000+0000,2026-03-12T21:00:00.000000+0000,2026-03-12T20:30:00.000000+0000,session_optimizer_asia_gbpjpy_medium,live_policy,medium,10000.0,3,0.0909,2.893336,1.6686,1.41831,3,basket_tp_pips,57,false,false,false,
GBPUSD,new_york,2026-03-12T12:00:00.000000+0000,2026-03-12T21:00:00.000000+0000,2026-03-12T20:30:00.000000+0000,session_optimizer_asia_gbpusd_medium,live_policy,medium,10000.0,4,0.124575,8.592745,11.502855,10.192455,4,basket_tp_pips,66,false,false,false,
NZDUSD,new_york,2026-03-12T12:00:00.000000+0000,2026-03-12T21:00:00.000000+0000,2026-03-12T20:30:00.000000+0000,session_optimizer_asia_nzdusd_medium,live_policy,medium,10000.0,1,0.03,1.56,0.351,0.351,1,basket_tp_pips,2,false,false,false,
EURJPY,new_york,2026-03-13T12:00:00.000000+0000,2026-03-13T21:00:00.000000+0000,2026-03-13T20:30:00.000000+0000,session_optimizer_asia_eurjpy_medium,live_policy,medium,10000.0,3,0.0909,2.893336,1.58517,1.58517,3,basket_tp_pips,31,false,false,false,
GBPJPY,new_york,2026-03-13T12:00:00.000000+0000,2026-03-13T21:00:00.000000+0000,2026-03-13T20:30:00.000000+0000,session_optimizer_asia_gbpjpy_medium,live_policy,medium,10000.0,3,0.0909,2.893336,0.358224,0.274794,3,basket_tp_pips,11,false,false,false,
GBPUSD,new_york,2026-03-13T12:00:00.000000+0000,2026-03-13T21:00:00.000000+0000,2026-03-13T20:30:00.000000+0000,session_optimizer_asia_gbpusd_medium,live_policy,medium,10000.0,3,0.0915,4.234829,1.02375,1.02375,3,basket_tp_pips,31,false,false,false,
NZDUSD,new_york,2026-03-13T12:00:00.000000+0000,2026-03-13T21:00:00.000000+0000,2026-03-13T20:30:00.000000+0000,session_optimizer_asia_nzdusd_medium,live_policy,medium,10000.0,1,0.03,1.56,1.131,1.131,1,basket_tp_pips,7,false,false,false,
EURJPY,new_york,2026-03-14T12:00:00.000000+0000,2026-03-14T21:00:00.000000+0000,2026-03-14T20:30:00.000000+0000,session_optimizer_asia_eurjpy_medium,live_policy,medium,10000.0,0,0.0,0.0,0.0,0.0,0,no_bars,0,false,false,false,
GBPJPY,new_york,2026-03-14T12:00:00.000000+0000,2026-03-14T21:00:00.000000+0000,2026-03-14T20:30:00.000000+0000,session_optimizer_asia_gbpjpy_medium,live_policy,medium,10000.0,0,0.0,0.0,0.0,0.0,0,no_bars,0,false,false,false,
GBPUSD,new_york,2026-03-14T12:00:00.000000+0000,2026-03-14T21:00:00.000000+0000,2026-03-14T20:30:00.000000+0000,session_optimizer_asia_gbpusd_medium,live_policy,medium,10000.0,0,0.0,0.0,0.0,0.0,0,no_bars,0,false,false,false,
NZDUSD,new_york,2026-03-14T12:00:00.000000+0000,2026-03-14T21:00:00.000000+0000,2026-03-14T20:30:00.000000+0000,session_optimizer_asia_nzdusd_medium,live_policy,medium,10000.0,0,0.0,0.0,0.0,0.0,0,no_bars,0,false,false,false,
EURJPY,new_york,2026-03-15T12:00:00.000000+0000,2026-03-15T21:00:00.000000+0000,2026-03-15T20:30:00.000000+0000,session_optimizer_asia_eurjpy_medium,live_policy,medium,10000.0,0,0.0,0.0,0.0,0.0,0,no_bars,0,false,false,false,
GBPJPY,new_york,2026-03-15T12:00:00.000000+0000,2026-03-15T21:00:00.000000+0000,2026-03-15T20:30:00.000000+0000,session_optimizer_asia_gbpjpy_medium,live_policy,medium,10000.0,0,0.0,0.0,0.0,0.0,0,no_bars,0,false,false,false,
GBPUSD,new_york,2026-03-15T12:00:00.000000+0000,2026-03-15T21:00:00.000000+0000,2026-03-15T20:30:00.000000+0000,session_optimizer_asia_gbpusd_medium,live_policy,medium,10000.0,0,0.0,0.0,0.0,0.0,0,no_bars,0,false,false,false,
NZDUSD,new_york,2026-03-15T12:00:00.000000+0000,2026-03-15T21:00:00.000000+0000,2026-03-15T20:30:00.000000+0000,session_optimizer_asia_nzdusd_medium,live_policy,medium,10000.0,0,0.0,0.0,0.0,0.0,0,no_bars,0,false,false,false,
EURJPY,new_york,2026-03-16T12:00:00.000000+0000,2026-03-16T21:00:00.000000+0000,2026-03-16T20:30:00.000000+0000,session_optimizer_asia_eurjpy_medium,live_policy,medium,10000.0,3,0.0909,2.893336,2.2248,1.6686,3,basket_tp_pips,68,false,false,false,
GBPJPY,new_york,2026-03-16T12:00:00.000000+0000,2026-03-16T21:00:00.000000+0000,2026-03-16T20:30:00.000000+0000,session_optimizer_asia_gbpjpy_medium,live_policy,medium,10000.0,3,0.0909,2.893336,0.2781,0.2781,3,basket_tp_pips,57,false,false,false,
GBPUSD,new_york,2026-03-16T12:00:00.000000+0000,2026-03-16T21:00:00.000000+0000,2026-03-16T20:30:00.000000+0000,session_optimizer_asia_gbpusd_medium,live_policy,medium,10000.0,4,0.124575,8.592745,18.552398,15.06141,4,basket_tp_pips,270,false,false,false,
NZDUSD,new_york,2026-03-16T12:00:00.000000+0000,2026-03-16T21:00:00.000000+0000,2026-03-16T20:30:00.000000+0000,session_optimizer_asia_nzdusd_medium,live_policy,medium,10000.0,2,0.0615,3.198,8.9076,8.9076,2,basket_tp_pips,165,false,false,false,
EURJPY,new_york,2026-03-17T12:00:00.000000+0000,2026-03-17T21:00:00.000000+0000,2026-03-17T20:30:00.000000+0000,session_optimizer_asia_eurjpy_medium,live_policy,medium,10000.0,3,0.0909,2.893336,0.30591,0.2781,3,basket_tp_pips,17,false,false,false,
GBPJPY,new_york,2026-03-17T12:00:00.000000+0000,2026-03-17T21:00:00.000000+0000,2026-03-17T20:30:00.000000+0000,session_optimizer_asia_gbpjpy_medium,live_policy,medium,10000.0,3,0.0909,2.893336,0.47277,0.22248,3,basket_tp_pips,24,false,false,false,
GBPUSD,new_york,2026-03-17T12:00:00.000000+0000,2026-03-17T21:00:00.000000+0000,2026-03-17T20:30:00.000000+0000,session_optimizer_asia_gbpusd_medium,live_policy,medium,10000.0,5,0.159304,13.077821,23.353593,21.142293,5,basket_tp_pips,243,false,false,false,
NZDUSD,new_york,2026-03-17T12:00:00.000000+0000,2026-03-17T21:00:00.000000+0000,2026-03-17T20:30:00.000000+0000,session_optimizer_asia_nzdusd_medium,live_policy,medium,10000.0,1,0.03,1.56,0.0,0.0,1,basket_tp_pips,2,false,false,false,
EURJPY,new_york,2026-03-18T12:00:00.000000+0000,2026-03-18T21:00:00.000000+0000,2026-03-18T20:30:00.000000+0000,session_optimizer_asia_eurjpy_medium,live_policy,medium,10000.0,3,0.0909,2.893336,0.05562,0.05562,3,basket_tp_pips,34,false,false,false,
GBPJPY,new_york,2026-03-18T12:00:00.000000+0000,2026-03-18T21:00:00.000000+0000,2026-03-18T20:30:00.000000+0000,session_optimizer_asia_gbpjpy_medium,live_policy,medium,10000.0,3,0.0909,2.893336,0.91773,0.77868,3,basket_tp_pips,36,false,false,false,
GBPUSD,new_york,2026-03-18T12:00:00.000000+0000,2026-03-18T21:00:00.000000+0000,2026-03-18T20:30:00.000000+0000,session_optimizer_asia_gbpusd_medium,live_policy,medium,10000.0,6,0.195769,17.694207,45.007424,43.079534,6,basket_tp_pips,188,false,false,false,
NZDUSD,new_york,2026-03-18T12:00:00.000000+0000,2026-03-18T21:00:00.000000+0000,2026-03-18T20:30:00.000000+0000,session_optimizer_asia_nzdusd_medium,live_policy,medium,10000.0,1,0.03,1.56,0.078,0.078,1,basket_tp_pips,2,false,false,false,
EURJPY,new_york,2026-03-19T12:00:00.000000+0000,2026-03-19T21:00:00.000000+0000,2026-03-19T20:30:00.000000+0000,session_optimizer_asia_eurjpy_medium,live_policy,medium,10000.0,3,0.0909,2.893336,0.0,0.0,3,basket_tp_pips,40,false,false,false,
GBPJPY,new_york,2026-03-19T12:00:00.000000+0000,2026-03-19T21:00:00.000000+0000,2026-03-19T20:30:00.000000+0000,session_optimizer_asia_gbpjpy_medium,live_policy,medium,10000.0,3,0.0909,2.893336,0.0,0.0,3,basket_tp_pips,2,false,false,false,
GBPUSD,new_york,2026-03-19T12:00:00.000000+0000,2026-03-19T21:00:00.000000+0000,2026-03-19T20:30:00.000000+0000,session_optimizer_asia_gbpusd_medium,live_policy,medium,10000.0,3,0.0915,4.234829,0.0,0.0,3,basket_tp_pips,2,false,false,false,
NZDUSD,new_york,2026-03-19T12:00:00.000000+0000,2026-03-19T21:00:00.000000+0000,2026-03-19T20:30:00.000000+0000,session_optimizer_asia_nzdusd_medium,live_policy,medium,10000.0,1,0.03,1.56,0.273,0.273,1,basket_tp_pips,2,false,false,false,
EURJPY,new_york,2026-03-20T12:00:00.000000+0000,2026-03-20T21:00:00.000000+0000,2026-03-20T20:30:00.000000+0000,session_optimizer_asia_eurjpy_medium,live_policy,medium,10000.0,6,0.189274,-39.311223,39.643454,37.95205,6,basket_sl_pips,386,false,false,false,
GBPJPY,new_york,2026-03-20T12:00:00.000000+0000,2026-03-20T21:00:00.000000+0000,2026-03-20T20:30:00.000000+0000,session_optimizer_asia_gbpjpy_medium,live_policy,medium,10000.0,3,0.0909,2.893336,3.36501,3.36501,3,basket_tp_pips,28,false,false,false,
GBPUSD,new_york,2026-03-20T12:00:00.000000+0000,2026-03-20T21:00:00.000000+0000,2026-03-20T20:30:00.000000+0000,session_optimizer_asia_gbpusd_medium,live_policy,medium,10000.0,3,0.0915,4.234829,0.9828,0.9828,3,basket_tp_pips,17,false,false,false,
NZDUSD,new_york,2026-03-20T12:00:00.000000+0000,2026-03-20T21:00:00.000000+0000,2026-03-20T20:30:00.000000+0000,session_optimizer_asia_nzdusd_medium,live_policy,medium,10000.0,1,0.03,1.56,0.819,0.819,1,basket_tp_pips,3,false,false,false,
EURJPY,new_york,2026-03-21T12:00:00.000000+0000,2026-03-21T21:00:00.000000+0000,2026-03-21T20:30:00.000000+0000,session_optimizer_asia_eurjpy_medium,live_policy,medium,10000.0,0,0.0,0.0,0.0,0.0,0,no_bars,0,false,false,false,
GBPJPY,new_york,2026-03-21T12:00:00.000000+0000,2026-03-21T21:00:00.000000+0000,2026-03-21T20:30:00.000000+0000,session_optimizer_asia_gbpjpy_medium,live_policy,medium,10000.0,0,0.0,0.0,0.0,0.0,0,no_bars,0,false,false,false,
GBPUSD,new_york,2026-03-21T12:00:00.000000+0000,2026-03-21T21:00:00.000000+0000,2026-03-21T20:30:00.000000+0000,session_optimizer_asia_gbpusd_medium,live_policy,medium,10000.0,0,0.0,0.0,0.0,0.0,0,no_bars,0,false,false,false,
NZDUSD,new_york,2026-03-21T12:00:00.000000+0000,2026-03-21T21:00:00.000000+0000,2026-03-21T20:30:00.000000+0000,session_optimizer_asia_nzdusd_medium,live_policy,medium,10000.0,0,0.0,0.0,0.0,0.0,0,no_bars,0,false,false,false,
EURJPY,new_york,2026-03-22T12:00:00.000000+0000,2026-03-22T21:00:00.000000+0000,2026-03-22T20:30:00.000000+0000,session_optimizer_asia_eurjpy_medium,live_policy,medium,10000.0,0,0.0,0.0,0.0,0.0,0,no_bars,0,false,false,false,
GBPJPY,new_york,2026-03-22T12:00:00.000000+0000,2026-03-22T21:00:00.000000+0000,2026-03-22T20:30:00.000000+0000,session_optimizer_asia_gbpjpy_medium,live_policy,medium,10000.0,0,0.0,0.0,0.0,0.0,0,no_bars,0,false,false,false,
GBPUSD,new_york,2026-03-22T12:00:00.000000+0000,2026-03-22T21:00:00.000000+0000,2026-03-22T20:30:00.000000+0000,session_optimizer_asia_gbpusd_medium,live_policy,medium,10000.0,0,0.0,0.0,0.0,0.0,0,no_bars,0,false,false,false,
NZDUSD,new_york,2026-03-22T12:00:00.000000+0000,2026-03-22T21:00:00.000000+0000,2026-03-22T20:30:00.000000+0000,session_optimizer_asia_nzdusd_medium,live_policy,medium,10000.0,0,0.0,0.0,0.0,0.0,0,no_bars,0,false,false,false,
EURJPY,new_york,2026-03-23T12:00:00.000000+0000,2026-03-23T21:00:00.000000+0000,2026-03-23T20:30:00.000000+0000,session_optimizer_asia_eurjpy_medium,live_policy,medium,10000.0,3,0.0909,2.893336,0.0,0.0,3,basket_tp_pips,24,false,false,false,
GBPJPY,new_york,2026-03-23T12:00:00.000000+0000,2026-03-23T21:00:00.000000+0000,2026-03-23T20:30:00.000000+0000,session_optimizer_asia_gbpjpy_medium,live_policy,medium,10000.0,3,0.0909,2.893336,0.0,0.0,3,basket_tp_pips,5,false,false,false,
GBPUSD,new_york,2026-03-23T12:00:00.000000+0000,2026-03-23T21:00:00.000000+0000,2026-03-23T20:30:00.000000+0000,session_optimizer_asia_gbpusd_medium,live_policy,medium,10000.0,3,0.0915,4.234829,0.0,0.0,3,basket_tp_pips,5,false,false,false,
NZDUSD,new_york,2026-03-23T12:00:00.000000+0000,2026-03-23T21:00:00.000000+0000,2026-03-23T20:30:00.000000+0000,session_optimizer_asia_nzdusd_medium,live_policy,medium,10000.0,1,0.03,1.56,0.702,0.702,1,basket_tp_pips,2,false,false,false,
EURJPY,new_york,2026-03-24T12:00:00.000000+0000,2026-03-24T21:00:00.000000+0000,2026-03-24T20:30:00.000000+0000,session_optimizer_asia_eurjpy_medium,live_policy,medium,10000.0,3,0.0909,2.893336,0.0,0.0,3,basket_tp_pips,69,false,false,false,
GBPJPY,new_york,2026-03-24T12:00:00.000000+0000,2026-03-24T21:00:00.000000+0000,2026-03-24T20:30:00.000000+0000,session_optimizer_asia_gbpjpy_medium,live_policy,medium,10000.0,3,0.0909,2.893336,0.8343,0.33372,3,basket_tp_pips,27,false,false,false,
GBPUSD,new_york,2026-03-24T12:00:00.000000+0000,2026-03-24T21:00:00.000000+0000,2026-03-24T20:30:00.000000+0000,session_optimizer_asia_gbpusd_medium,live_policy,medium,10000.0,4,0.124575,8.592745,10.108507,10.108507,4,basket_tp_pips,125,false,false,false,
NZDUSD,new_york,2026-03-24T12:00:00.000000+0000,2026-03-24T21:00:00.000000+0000,2026-03-24T20:30:00.000000+0000,session_optimizer_asia_nzdusd_medium,live_policy,medium,10000.0,1,0.03,1.56,0.546,0.546,1,basket_tp_pips,4,false,false,false,
EURJPY,new_york,2026-03-25T12:00:00.000000+0000,2026-03-25T21:00:00.000000+0000,2026-03-25T20:30:00.000000+0000,session_optimizer_asia_eurjpy_medium,live_policy,medium,10000.0,4,0.122727,5.83733,8.536279,7.284829,4,basket_tp_pips,312,false,false,false,
GBPJPY,new_york,2026-03-25T12:00:00.000000+0000,2026-03-25T21:00:00.000000+0000,2026-03-25T20:30:00.000000+0000,session_optimizer_asia_gbpjpy_medium,live_policy,medium,10000.0,3,0.0909,2.893336,0.11124,0.02781,3,basket_tp_pips,13,false,false,false,
GBPUSD,new_york,2026-03-25T12:00:00.000000+0000,2026-03-25T21:00:00.000000+0000,2026-03-25T20:30:00.000000+0000,session_optimizer_asia_gbpusd_medium,live_policy,medium,10000.0,6,0.195769,17.694207,45.889922,41.667536,6,basket_tp_pips,344,false,false,false,
NZDUSD,new_york,2026-03-25T12:00:00.000000+0000,2026-03-25T21:00:00.000000+0000,2026-03-25T20:30:00.000000+0000,session_optimizer_asia_nzdusd_medium,live_policy,medium,10000.0,1,0.03,1.56,2.028,2.028,1,basket_tp_pips,17,false,false,false,
EURJPY,new_york,2026-03-26T12:00:00.000000+0000,2026-03-26T21:00:00.000000+0000,2026-03-26T20:30:00.000000+0000,session_optimizer_asia_eurjpy_medium,live_policy,medium,10000.0,4,0.122727,3.272125,12.928035,10.728542,4,daily_liquidation,531,true,false,false,
GBPJPY,new_york,2026-03-26T12:00:00.000000+0000,2026-03-26T21:00:00.000000+0000,2026-03-26T20:30:00.000000+0000,session_optimizer_asia_gbpjpy_medium,live_policy,medium,10000.0,6,0.189274,11.881281,25.64712,25.61931,6,basket_tp_pips,224,false,false,false,
GBPUSD,new_york,2026-03-26T12:00:00.000000+0000,2026-03-26T21:00:00.000000+0000,2026-03-26T20:30:00.000000+0000,session_optimizer_asia_gbpusd_medium,live_policy,medium,10000.0,5,0.159304,13.077821,33.73117,32.50267,5,basket_tp_pips,220,false,false,false,
NZDUSD,new_york,2026-03-26T12:00:00.000000+0000,2026-03-26T21:00:00.000000+0000,2026-03-26T20:30:00.000000+0000,session_optimizer_asia_nzdusd_medium,live_policy,medium,10000.0,1,0.03,1.56,0.078,0.078,1,basket_tp_pips,2,false,false,false,
EURJPY,new_york,2026-03-27T12:00:00.000000+0000,2026-03-27T21:00:00.000000+0000,2026-03-27T20:30:00.000000+0000,session_optimizer_asia_eurjpy_medium,live_policy,medium,10000.0,6,0.189274,-39.311223,31.664227,31.552987,6,basket_sl_pips,242,false,false,false,
GBPJPY,new_york,2026-03-27T12:00:00.000000+0000,2026-03-27T21:00:00.000000+0000,2026-03-27T20:30:00.000000+0000,session_optimizer_asia_gbpjpy_medium,live_policy,medium,10000.0,3,0.0909,2.893336,1.3905,0.650835,3,basket_tp_pips,20,false,false,false,
GBPUSD,new_york,2026-03-27T12:00:00.000000+0000,2026-03-27T21:00:00.000000+0000,2026-03-27T20:30:00.000000+0000,session_optimizer_asia_gbpusd_medium,live_policy,medium,10000.0,5,0.159304,13.077821,29.27529,29.27529,5,basket_tp_pips,237,false,false,false,
NZDUSD,new_york,2026-03-27T12:00:00.000000+0000,2026-03-27T21:00:00.000000+0000,2026-03-27T20:30:00.000000+0000,session_optimizer_asia_nzdusd_medium,live_policy,medium,10000.0,1,0.03,1.56,0.273,0.273,1,basket_tp_pips,2,false,false,false,
EURJPY,new_york,2026-03-28T12:00:00.000000+0000,2026-03-28T21:00:00.000000+0000,2026-03-28T20:30:00.000000+0000,session_optimizer_asia_eurjpy_medium,live_policy,medium,10000.0,0,0.0,0.0,0.0,0.0,0,no_bars,0,false,false,false,
GBPJPY,new_york,2026-03-28T12:00:00.000000+0000,2026-03-28T21:00:00.000000+0000,2026-03-28T20:30:00.000000+0000,session_optimizer_asia_gbpjpy_medium,live_policy,medium,10000.0,0,0.0,0.0,0.0,0.0,0,no_bars,0,false,false,false,
GBPUSD,new_york,2026-03-28T12:00:00.000000+0000,2026-03-28T21:00:00.000000+0000,2026-03-28T20:30:00.000000+0000,session_optimizer_asia_gbpusd_medium,live_policy,medium,10000.0,0,0.0,0.0,0.0,0.0,0,no_bars,0,false,false,false,
NZDUSD,new_york,2026-03-28T12:00:00.000000+0000,2026-03-28T21:00:00.000000+0000,2026-03-28T20:30:00.000000+0000,session_optimizer_asia_nzdusd_medium,live_policy,medium,10000.0,0,0.0,0.0,0.0,0.0,0,no_bars,0,false,false,false,
EURJPY,new_york,2026-03-29T12:00:00.000000+0000,2026-03-29T21:00:00.000000+0000,2026-03-29T20:30:00.000000+0000,session_optimizer_asia_eurjpy_medium,live_policy,medium,10000.0,0,0.0,0.0,0.0,0.0,0,no_bars,0,false,false,false,
GBPJPY,new_york,2026-03-29T12:00:00.000000+0000,2026-03-29T21:00:00.000000+0000,2026-03-29T20:30:00.000000+0000,session_optimizer_asia_gbpjpy_medium,live_policy,medium,10000.0,0,0.0,0.0,0.0,0.0,0,no_bars,0,false,false,false,
GBPUSD,new_york,2026-03-29T12:00:00.000000+0000,2026-03-29T21:00:00.000000+0000,2026-03-29T20:30:00.000000+0000,session_optimizer_asia_gbpusd_medium,live_policy,medium,10000.0,0,0.0,0.0,0.0,0.0,0,no_bars,0,false,false,false,
NZDUSD,new_york,2026-03-29T12:00:00.000000+0000,2026-03-29T21:00:00.000000+0000,2026-03-29T20:30:00.000000+0000,session_optimizer_asia_nzdusd_medium,live_policy,medium,10000.0,0,0.0,0.0,0.0,0.0,0,no_bars,0,false,false,false,
EURJPY,new_york,2026-03-30T12:00:00.000000+0000,2026-03-30T21:00:00.000000+0000,2026-03-30T20:30:00.000000+0000,session_optimizer_asia_eurjpy_medium,live_policy,medium,10000.0,6,0.189274,11.881281,37.215394,35.741464,6,basket_tp_pips,407,false,false,false,
GBPJPY,new_york,2026-03-30T12:00:00.000000+0000,2026-03-30T21:00:00.000000+0000,2026-03-30T20:30:00.000000+0000,session_optimizer_asia_gbpjpy_medium,live_policy,medium,10000.0,3,0.0909,2.893336,1.3905,1.33488,3,basket_tp_pips,18,false,false,false,
GBPUSD,new_york,2026-03-30T12:00:00.000000+0000,2026-03-30T21:00:00.000000+0000,2026-03-30T20:30:00.000000+0000,session_optimizer_asia_gbpusd_medium,live_policy,medium,10000.0,6,0.195769,-28.959558,42.903034,42.903034,6,daily_liquidation,531,true,false,false,
NZDUSD,new_york,2026-03-30T12:00:00.000000+0000,2026-03-30T21:00:00.000000+0000,2026-03-30T20:30:00.000000+0000,session_optimizer_asia_nzdusd_medium,live_policy,medium,10000.0,1,0.03,1.56,0.039,0.039,1,basket_tp_pips,2,false,false,false,
EURJPY,new_york,2026-03-31T12:00:00.000000+0000,2026-03-31T21:00:00.000000+0000,2026-03-31T20:30:00.000000+0000,session_optimizer_asia_eurjpy_medium,live_policy,medium,10000.0,5,0.155509,8.832989,17.57819,16.79951,5,basket_tp_pips,177,false,false,false,
GBPJPY,new_york,2026-03-31T12:00:00.000000+0000,2026-03-31T21:00:00.000000+0000,2026-03-31T20:30:00.000000+0000,session_optimizer_asia_gbpjpy_medium,live_policy,medium,10000.0,3,0.0909,2.893336,0.0,0.0,3,basket_tp_pips,4,false,false,false,
GBPUSD,new_york,2026-03-31T12:00:00.000000+0000,2026-03-31T21:00:00.000000+0000,2026-03-31T20:30:00.000000+0000,session_optimizer_asia_gbpusd_medium,live_policy,medium,10000.0,3,0.0915,4.234829,2.0475,0.4095,3,basket_tp_pips,58,false,false,false,
NZDUSD,new_york,2026-03-31T12:00:00.000000+0000,2026-03-31T21:00:00.000000+0000,2026-03-31T20:30:00.000000+0000,session_optimizer_asia_nzdusd_medium,live_policy,medium,10000.0,1,0.03,1.56,2.379,2.379,1,basket_tp_pips,13,false,false,false,
