pair,session_name,session_start_utc,session_end_utc,managed_close_start_utc,policy_id,policy_source,risk_mode,account_equity,trade_count,gross_lots,realized_pnl,max_drawdown,max_adverse_excursion,max_open_legs,exit_reason,bars_processed,entered_managed_close,gated_by_event_risk,gated_by_entry_intent,derived_entry_direction
EURJPY,asia,2026-03-01T23:00:00.000000+0000,2026-03-02T03:00:00.000000+0000,2026-03-02T03:00:00.000000+0000,both_sides_normal,live_policy,medium,10000.0,3,0.032,0.402545,0.0,0.0,3,basket_tp_pips,6,false,false,false,
GBPJPY,asia,2026-03-01T23:00:00.000000+0000,2026-03-02T03:00:00.000000+0000,2026-03-02T03:00:00.000000+0000,session_optimizer_new_york_gbpjpy_medium,live_policy,medium,10000.0,4,0.040909,0.738821,1.565705,1.565705,4,basket_tp_pips,6,false,false,false,
GBPUSD,asia,2026-03-01T23:00:00.000000+0000,2026-03-02T03:00:00.000000+0000,2026-03-02T03:00:00.000000+0000,session_optimizer_new_york_gbpusd_medium,live_policy,medium,10000.0,4,0.041525,1.085186,0.0,0.0,4,basket_tp_pips,9,false,false,false,
NZDUSD,asia,2026-03-01T23:00:00.000000+0000,2026-03-02T03:00:00.000000+0000,2026-03-02T03:00:00.000000+0000,session_optimizer_new_york_nzdusd_medium,live_policy,medium,10000.0,5,0.055256,0.718328,10.785809,10.785809,5,basket_tp_pips,24,false,false,false,
EURJPY,asia,2026-03-02T23:00:00.000000+0000,2026-03-03T03:00:00.000000+0000,2026-03-03T03:00:00.000000+0000,both_sides_normal,live_policy,medium,10000.0,0,0.0,0.0,0.0,0.0,0,event_risk_gated,0,false,true,false,
GBPJPY,asia,2026-03-02T23:00:00.000000+0000,2026-03-03T03:00:00.000000+0000,2026-03-03T03:00:00.000000+0000,session_optimizer_new_york_gbpjpy_medium,live_policy,medium,10000.0,0,0.0,0.0,0.0,0.0,0,event_risk_gated,0,false,true,false,
GBPUSD,asia,2026-03-02T23:00:00.000000+0000,2026-03-03T03:00:00.000000+0000,2026-03-03T03:00:00.000000+0000,session_optimizer_new_york_gbpusd_medium,live_policy,medium,10000.0,4,0.041525,1.085186,0.902947,0.902947,4,basket_tp_pips,61,false,false,false,
NZDUSD,asia,2026-03-02T23:00:00.000000+0000,2026-03-03T03:00:00.000000+0000,2026-03-03T03:00:00.000000+0000,session_optimizer_new_york_nzdusd_medium,live_policy,medium,10000.0,1,0.01,0.13,0.338,0.338,1,basket_tp_pips,2,false,false,false,
EURJPY,asia,2026-03-03T23:00:00.000000+0000,2026-03-04T03:00:00.000000+0000,2026-03-04T03:00:00.000000+0000,both_sides_normal,live_policy,medium,10000.0,8,0.139159,3.075744,35.253981,35.253981,8,basket_tp_pips,84,false,false,false,
GBPJPY,asia,2026-03-03T23:00:00.000000+0000,2026-03-04T03:00:00.000000+0000,2026-03-04T03:00:00.000000+0000,session_optimizer_new_york_gbpjpy_medium,live_policy,medium,10000.0,4,0.040909,0.738821,1.497105,1.497105,4,basket_tp_pips,6,false,false,false,
GBPUSD,asia,2026-03-03T23:00:00.000000+0000,2026-03-04T03:00:00.000000+0000,2026-03-04T03:00:00.000000+0000,session_optimizer_new_york_gbpusd_medium,live_policy,medium,10000.0,3,0.0305,0.536012,0.0,0.0,3,basket_tp_pips,2,false,false,false,
NZDUSD,asia,2026-03-03T23:00:00.000000+0000,2026-03-04T03:00:00.000000+0000,2026-03-04T03:00:00.000000+0000,session_optimizer_new_york_nzdusd_medium,live_policy,medium,10000.0,2,0.0205,0.2665,2.2191,2.2191,2,basket_tp_pips,4,false,false,false,
EURJPY,asia,2026-03-04T23:00:00.000000+0000,2026-03-05T03:00:00.000000+0000,2026-03-05T03:00:00.000000+0000,both_sides_normal,live_policy,medium,10000.0,0,0.0,0.0,0.0,0.0,0,event_risk_gated,0,false,true,false,
GBPJPY,asia,2026-03-04T23:00:00.000000+0000,2026-03-05T03:00:00.000000+0000,2026-03-05T03:00:00.000000+0000,session_optimizer_new_york_gbpjpy_medium,live_policy,medium,10000.0,0,0.0,0.0,0.0,0.0,0,event_risk_gated,0,false,true,false,
GBPUSD,asia,2026-03-04T23:00:00.000000+0000,2026-03-05T03:00:00.000000+0000,2026-03-05T03:00:00.000000+0000,session_optimizer_new_york_gbpusd_medium,live_policy,medium,10000.0,3,0.0305,0.536012,0.0,0.0,3,basket_tp_pips,2,false,false,false,
NZDUSD,asia,2026-03-04T23:00:00.000000+0000,2026-03-05T03:00:00.000000+0000,2026-03-05T03:00:00.000000+0000,session_optimizer_new_york_nzdusd_medium,live_policy,medium,10000.0,1,0.01,0.13,0.156,0.156,1,basket_tp_pips,2,false,false,false,
EURJPY,asia,2026-03-05T23:00:00.000000+0000,2026-03-06T03:00:00.000000+0000,2026-03-06T03:00:00.000000+0000,both_sides_normal,live_policy,medium,10000.0,5,0.06368,1.325043,3.25296,3.25296,5,basket_tp_pips,5,false,false,false,
GBPJPY,asia,2026-03-05T23:00:00.000000+0000,2026-03-06T03:00:00.000000+0000,2026-03-06T03:00:00.000000+0000,session_optimizer_new_york_gbpjpy_medium,live_policy,medium,10000.0,4,0.040909,0.738821,0.0,0.0,4,basket_tp_pips,2,false,false,false,
GBPUSD,asia,2026-03-05T23:00:00.000000+0000,2026-03-06T03:00:00.000000+0000,2026-03-06T03:00:00.000000+0000,session_optimizer_new_york_gbpusd_medium,live_policy,medium,10000.0,3,0.0305,0.536012,0.0,0.0,3,basket_tp_pips,2,false,false,false,
NZDUSD,asia,2026-03-05T23:00:00.000000+0000,2026-03-06T03:00:00.000000+0000,2026-03-06T03:00:00.000000+0000,session_optimizer_new_york_nzdusd_medium,live_policy,medium,10000.0,1,0.01,0.13,0.104,0.104,1,basket_tp_pips,2,false,false,false,
EURJPY,asia,2026-03-06T23:00:00.000000+0000,2026-03-07T03:00:00.000000+0000,2026-03-07T03:00:00.000000+0000,both_sides_normal,live_policy,medium,10000.0,0,0.0,0.0,0.0,0.0,0,no_bars,0,false,false,false,
GBPJPY,asia,2026-03-06T23:00:00.000000+0000,2026-03-07T03:00:00.000000+0000,2026-03-07T03:00:00.000000+0000,session_optimizer_new_york_gbpjpy_medium,live_policy,medium,10000.0,0,0.0,0.0,0.0,0.0,0,no_bars,0,false,false,false,
GBPUSD,asia,2026-03-06T23:00:00.000000+0000,2026-03-07T03:00:00.000000+0000,2026-03-07T03:00:00.000000+0000,session_optimizer_new_york_gbpusd_medium,live_policy,medium,10000.0,0,0.0,0.0,0.0,0.0,0,no_bars,0,false,false,false,
NZDUSD,asia,2026-03-06T23:00:00.000000+0000,2026-03-07T03:00:00.000000+0000,2026-03-07T03:00:00.000000+0000,session_optimizer_new_york_nzdusd_medium,live_policy,medium,10000.0,0,0.0,0.0,0.0,0.0,0,no_bars,0,false,false,false,
EURJPY,asia,2026-03-07T23:00:00.000000+0000,2026-03-08T03:00:00.000000+0000,2026-03-08T03:00:00.000000+0000,both_sides_normal,live_policy,medium,10000.0,0,0.0,0.0,0.0,0.0,0,no_bars,0,false,false,false,
GBPJPY,asia,2026-03-07T23:00:00.000000+0000,2026-03-08T03:00:00.000000+0000,2026-03-08T03:00:00.000000+0000,session_optimizer_new_york_gbpjpy_medium,live_policy,medium,10000.0,0,0.0,0.0,0.0,0.0,0,no_bars,0,false,false,false,
GBPUSD,asia,2026-03-07T23:00:00.000000+0000,2026-03-08T03:00:00.000000+0000,2026-03-08T03:00:00.000000+0000,session_optimizer_new_york_gbpusd_medium,live_policy,medium,10000.0,0,0.0,0.0,0.0,0.0,0,no_bars,0,false,false,false,
NZDUSD,asia,2026-03-07T23:00:00.000000+0000,2026-03-08T03:00:00.000000+0000,2026-03-08T03:00:00.000000+0000,session_optimizer_new_york_nzdusd_medium,live_policy,medium,10000.0,0,0.0,0.0,0.0,0.0,0,no_bars,0,false,false,false,
EURJPY,asia,2026-03-08T22:00:00.000000+0000,2026-03-09T03:00:00.000000+0000,2026-03-09T03:00:00.000000+0000,both_sides_normal,live_policy,medium,10000.0,4,0.0464,0.842875,0.720999,0.720999,4,basket_tp_pips,8,false,false,false,
GBPJPY,asia,2026-03-08T22:00:00.000000+0000,2026-03-09T03:00:00.000000+0000,2026-03-09T03:00:00.000000+0000,session_optimizer_new_york_gbpjpy_medium,live_policy,medium,10000.0,4,0.040909,0.738821,1.591196,1.591196,4,basket_tp_pips,6,false,false,false,
GBPUSD,asia,2026-03-08T22:00:00.000000+0000,2026-03-09T03:00:00.000000+0000,2026-03-09T03:00:00.000000+0000,session_optimizer_new_york_gbpusd_medium,live_policy,medium,10000.0,6,0.065256,2.224357,6.37415,6.37415,6,basket_tp_pips,21,false,false,false,
NZDUSD,asia,2026-03-08T22:00:00.000000+0000,2026-03-09T03:00:00.000000+0000,2026-03-09T03:00:00.000000+0000,session_optimizer_new_york_nzdusd_medium,live_policy,medium,10000.0,1,0.01,0.13,0.286,0.286,1,basket_tp_pips,2,false,false,false,
EURJPY,asia,2026-03-09T22:00:00.000000+0000,2026-03-10T03:00:00.000000+0000,2026-03-10T03:00:00.000000+0000,both_sides_normal,live_policy,medium,10000.0,3,0.032,0.402545,0.0,0.0,3,basket_tp_pips,3,false,false,false,
GBPJPY,asia,2026-03-09T22:00:00.000000+0000,2026-03-10T03:00:00.000000+0000,2026-03-10T03:00:00.000000+0000,session_optimizer_new_york_gbpjpy_medium,live_policy,medium,10000.0,5,0.051209,1.769479,0.0,0.0,5,basket_tp_pips,27,false,false,false,
GBPUSD,asia,2026-03-09T22:00:00.000000+0000,2026-03-10T03:00:00.000000+0000,2026-03-10T03:00:00.000000+0000,session_optimizer_new_york_gbpusd_medium,live_policy,medium,10000.0,3,0.0305,0.536012,0.0,0.0,3,basket_tp_pips,2,false,false,false,
NZDUSD,asia,2026-03-09T22:00:00.000000+0000,2026-03-10T03:00:00.000000+0000,2026-03-10T03:00:00.000000+0000,session_optimizer_new_york_nzdusd_medium,live_policy,medium,10000.0,1,0.01,0.13,0.572,0.572,1,basket_tp_pips,2,false,false,false,
EURJPY,asia,2026-03-10T22:00:00.000000+0000,2026-03-11T03:00:00.000000+0000,2026-03-11T03:00:00.000000+0000,both_sides_normal,live_policy,medium,10000.0,3,0.032,0.402545,0.0,0.0,3,basket_tp_pips,23,false,false,false,
GBPJPY,asia,2026-03-10T22:00:00.000000+0000,2026-03-11T03:00:00.000000+0000,2026-03-11T03:00:00.000000+0000,session_optimizer_new_york_gbpjpy_medium,live_policy,medium,10000.0,3,0.0303,0.36669,0.0,0.0,3,basket_tp_pips,2,false,false,false,
GBPUSD,asia,2026-03-10T22:00:00.000000+0000,2026-03-11T03:00:00.000000+0000,2026-03-11T03:00:00.000000+0000,session_optimizer_new_york_gbpusd_medium,live_policy,medium,10000.0,3,0.0305,0.536012,0.1365,0.06825,3,basket_tp_pips,116,false,false,false,
NZDUSD,asia,2026-03-10T22:00:00.000000+0000,2026-03-11T03:00:00.000000+0000,2026-03-11T03:00:00.000000+0000,session_optimizer_new_york_nzdusd_medium,live_policy,medium,10000.0,1,0.01,0.13,0.455,0.455,1,basket_tp_pips,2,false,false,false,
EURJPY,asia,2026-03-11T22:00:00.000000+0000,2026-03-12T03:00:00.000000+0000,2026-03-12T03:00:00.000000+0000,both_sides_normal,live_policy,medium,10000.0,3,0.032,0.402545,0.0,0.0,3,basket_tp_pips,2,false,false,false,
GBPJPY,asia,2026-03-11T22:00:00.000000+0000,2026-03-12T03:00:00.000000+0000,2026-03-12T03:00:00.000000+0000,session_optimizer_new_york_gbpjpy_medium,live_policy,medium,10000.0,6,0.063091,1.499726,0.0,0.0,6,basket_tp_pips,2,false,false,false,
GBPUSD,asia,2026-03-11T22:00:00.000000+0000,2026-03-12T03:00:00.000000+0000,2026-03-12T03:00:00.000000+0000,session_optimizer_new_york_gbpusd_medium,live_policy,medium,10000.0,3,0.0305,0.536012,0.0,0.0,3,basket_tp_pips,3,false,false,false,
NZDUSD,asia,2026-03-11T22:00:00.000000+0000,2026-03-12T03:00:00.000000+0000,2026-03-12T03:00:00.000000+0000,session_optimizer_new_york_nzdusd_medium,live_policy,medium,10000.0,1,0.01,0.13,0.273,0.273,1,basket_tp_pips,4,false,false,false,
EURJPY,asia,2026-03-12T22:00:00.000000+0000,2026-03-13T03:00:00.000000+0000,2026-03-13T03:00:00.000000+0000,both_sides_normal,live_policy,medium,10000.0,5,0.0584,2.109204,0.2592,0.0,5,basket_tp_pips,6,false,false,false,
GBPJPY,asia,2026-03-12T22:00:00.000000+0000,2026-03-13T03:00:00.000000+0000,2026-03-13T03:00:00.000000+0000,session_optimizer_new_york_gbpjpy_medium,live_policy,medium,10000.0,5,0.051836,1.116466,0.0,0.0,5,basket_tp_pips,2,false,false,false,
GBPUSD,asia,2026-03-12T22:00:00.000000+0000,2026-03-13T03:00:00.000000+0000,2026-03-13T03:00:00.000000+0000,session_optimizer_new_york_gbpusd_medium,live_policy,medium,10000.0,3,0.0305,0.536012,0.0,0.0,3,basket_tp_pips,3,false,false,false,
NZDUSD,asia,2026-03-12T22:00:00.000000+0000,2026-03-13T03:00:00.000000+0000,2026-03-13T03:00:00.000000+0000,session_optimizer_new_york_nzdusd_medium,live_policy,medium,10000.0,1,0.01,0.13,0.377,0.377,1,basket_tp_pips,2,false,false,false,
EURJPY,asia,2026-03-13T22:00:00.000000+0000,2026-03-14T03:00:00.000000+0000,2026-03-14T03:00:00.000000+0000,both_sides_normal,live_policy,medium,10000.0,0,0.0,0.0,0.0,0.0,0,no_bars,0,false,false,false,
GBPJPY,asia,2026-03-13T22:00:00.000000+0000,2026-03-14T03:00:00.000000+0000,2026-03-14T03:00:00.000000+0000,session_optimizer_new_york_gbpjpy_medium,live_policy,medium,10000.0,0,0.0,0.0,0.0,0.0,0,no_bars,0,false,false,false,
GBPUSD,asia,2026-03-13T22:00:00.000000+0000,2026-03-14T03:00:00.000000+0000,2026-03-14T03:00:00.000000+0000,session_optimizer_new_york_gbpusd_medium,live_policy,medium,10000.0,0,0.0,0.0,0.0,0.0,0,no_bars,0,false,false,false,
NZDUSD,asia,2026-03-13T22:00:00.000000+0000,2026-03-14T03:00:00.000000+0000,2026-03-14T03:00:00.000000+0000,session_optimizer_new_york_nzdusd_medium,live_policy,medium,10000.0,0,0.0,0.0,0.0,0.0,0,no_bars,0,false,false,false,
EURJPY,asia,2026-03-14T22:00:00.000000+0000,2026-03-15T03:00:00.000000+0000,2026-03-15T03:00:00.000000+0000,both_sides_normal,live_policy,medium,10000.0,0,0.0,0.0,0.0,0.0,0,no_bars,0,false,false,false,
GBPJPY,asia,2026-03-14T22:00:00.000000+0000,2026-03-15T03:00:00.000000+0000,2026-03-15T03:00:00.000000+0000,session_optimizer_new_york_gbpjpy_medium,live_policy,medium,10000.0,0,0.0,0.0,0.0,0.0,0,no_bars,0,false,false,false,
GBPUSD,asia,2026-03-14T22:00:00.000000+0000,2026-03-15T03:00:00.000000+0000,2026-03-15T03:00:00.000000+0000,session_optimizer_new_york_gbpusd_medium,live_policy,medium,10000.0,0,0.0,0.0,0.0,0.0,0,no_bars,0,false,false,false,
NZDUSD,asia,2026-03-14T22:00:00.000000+0000,2026-03-15T03:00:00.000000+0000,2026-03-15T03:00:00.000000+0000,session_optimizer_new_york_nzdusd_medium,live_policy,medium,10000.0,0,0.0,0.0,0.0,0.0,0,no_bars,0,false,false,false,
EURJPY,asia,2026-03-15T22:00:00.000000+0000,2026-03-16T03:00:00.000000+0000,2026-03-16T03:00:00.000000+0000,both_sides_normal,live_policy,medium,10000.0,3,0.032,0.402545,0.205151,0.205151,3,basket_tp_pips,8,false,false,false,
GBPJPY,asia,2026-03-15T22:00:00.000000+0000,2026-03-16T03:00:00.000000+0000,2026-03-16T03:00:00.000000+0000,session_optimizer_new_york_gbpjpy_medium,live_policy,medium,10000.0,4,0.040909,0.738821,0.819653,0.819653,4,basket_tp_pips,3,false,false,false,
GBPUSD,asia,2026-03-15T22:00:00.000000+0000,2026-03-16T03:00:00.000000+0000,2026-03-16T03:00:00.000000+0000,session_optimizer_new_york_gbpusd_medium,live_policy,medium,10000.0,3,0.0305,0.536012,0.3549,0.3549,3,basket_tp_pips,12,false,false,false,
NZDUSD,asia,2026-03-15T22:00:00.000000+0000,2026-03-16T03:00:00.000000+0000,2026-03-16T03:00:00.000000+0000,session_optimizer_new_york_nzdusd_medium,live_policy,medium,10000.0,1,0.01,0.13,0.0,0.0,1,basket_tp_pips,2,false,false,false,
EURJPY,asia,2026-03-16T22:00:00.000000+0000,2026-03-17T03:00:00.000000+0000,2026-03-17T03:00:00.000000+0000,both_sides_normal,live_policy,medium,10000.0,4,0.0464,0.842875,0.2592,0.2592,4,basket_tp_pips,4,false,false,false,
GBPJPY,asia,2026-03-16T22:00:00.000000+0000,2026-03-17T03:00:00.000000+0000,2026-03-17T03:00:00.000000+0000,session_optimizer_new_york_gbpjpy_medium,live_policy,medium,10000.0,3,0.0303,0.36669,0.0,0.0,3,basket_tp_pips,2,false,false,false,
GBPUSD,asia,2026-03-16T22:00:00.000000+0000,2026-03-17T03:00:00.000000+0000,2026-03-17T03:00:00.000000+0000,session_optimizer_new_york_gbpusd_medium,live_policy,medium,10000.0,7,0.078019,-0.690203,9.364043,9.364043,7,session_close,300,false,false,false,
NZDUSD,asia,2026-03-16T22:00:00.000000+0000,2026-03-17T03:00:00.000000+0000,2026-03-17T03:00:00.000000+0000,session_optimizer_new_york_nzdusd_medium,live_policy,medium,10000.0,1,0.01,0.13,0.533,0.533,1,basket_tp_pips,5,false,false,false,
EURJPY,asia,2026-03-17T22:00:00.000000+0000,2026-03-18T03:00:00.000000+0000,2026-03-18T03:00:00.000000+0000,both_sides_normal,live_policy,medium,10000.0,3,0.032,0.402545,0.0,0.0,3,basket_tp_pips,2,false,false,false,
GBPJPY,asia,2026-03-17T22:00:00.000000+0000,2026-03-18T03:00:00.000000+0000,2026-03-18T03:00:00.000000+0000,session_optimizer_new_york_gbpjpy_medium,live_policy,medium,10000.0,4,0.040909,0.738821,0.0,0.0,4,basket_tp_pips,2,false,false,false,
GBPUSD,asia,2026-03-17T22:00:00.000000+0000,2026-03-18T03:00:00.000000+0000,2026-03-18T03:00:00.000000+0000,session_optimizer_new_york_gbpusd_medium,live_policy,medium,10000.0,3,0.0305,0.536012,0.0,0.0,3,basket_tp_pips,150,false,false,false,
NZDUSD,asia,2026-03-17T22:00:00.000000+0000,2026-03-18T03:00:00.000000+0000,2026-03-18T03:00:00.000000+0000,session_optimizer_new_york_nzdusd_medium,live_policy,medium,10000.0,2,0.0205,0.2665,0.715,0.715,2,basket_tp_pips,4,false,false,false,
EURJPY,asia,2026-03-18T22:00:00.000000+0000,2026-03-19T03:00:00.000000+0000,2026-03-19T03:00:00.000000+0000,both_sides_normal,live_policy,medium,10000.0,3,0.032,0.402545,0.0,0.0,3,basket_tp_pips,3,false,false,false,
GBPJPY,asia,2026-03-18T22:00:00.000000+0000,2026-03-19T03:00:00.000000+0000,2026-03-19T03:00:00.000000+0000,session_optimizer_new_york_gbpjpy_medium,live_policy,medium,10000.0,5,0.051836,1.116466,0.0,0.0,5,basket_tp_pips,2,false,false,false,
GBPUSD,asia,2026-03-18T22:00:00.000000+0000,2026-03-19T03:00:00.000000+0000,2026-03-19T03:00:00.000000+0000,session_optimizer_new_york_gbpusd_medium,live_policy,medium,10000.0,3,0.0305,0.536012,0.0,0.0,3,basket_tp_pips,2,false,false,false,
NZDUSD,asia,2026-03-18T22:00:00.000000+0000,2026-03-19T03:00:00.000000+0000,2026-03-19T03:00:00.000000+0000,session_optimizer_new_york_nzdusd_medium,live_policy,medium,10000.0,1,0.01,0.13,0.208,0.208,1,basket_tp_pips,2,false,false,false,
EURJPY,asia,2026-03-19T22:00:00.000000+0000,2026-03-20T03:00:00.000000+0000,2026-03-20T03:00:00.000000+0000,both_sides_normal,live_policy,medium,10000.0,5,0.06368,1.325043,2.982508,2.982508,5,basket_tp_pips,15,false,false,false,
GBPJPY,asia,2026-03-19T22:00:00.000000+0000,2026-03-20T03:00:00.000000+0000,2026-03-20T03:00:00.000000+0000,session_optimizer_new_york_gbpjpy_medium,live_policy,medium,10000.0,0,0.0,0.0,0.0,0.0,0,event_risk_gated,0,false,true,false,
GBPUSD,asia,2026-03-19T22:00:00.000000+0000,2026-03-20T03:00:00.000000+0000,2026-03-20T03:00:00.000000+0000,session_optimizer_new_york_gbpusd_medium,live_policy,medium,10000.0,0,0.0,0.0,0.0,0.0,0,event_risk_gated,0,false,true,false,
NZDUSD,asia,2026-03-19T22:00:00.000000+0000,2026-03-20T03:00:00.000000+0000,2026-03-20T03:00:00.000000+0000,session_optimizer_new_york_nzdusd_medium,live_policy,medium,10000.0,2,0.0205,0.2665,1.39295,1.39295,2,basket_tp_pips,18,false,false,false,
EURJPY,asia,2026-03-20T22:00:00.000000+0000,2026-03-21T03:00:00.000000+0000,2026-03-21T03:00:00.000000+0000,both_sides_normal,live_policy,medium,10000.0,0,0.0,0.0,0.0,0.0,0,no_bars,0,false,false,false,
GBPJPY,asia,2026-03-20T22:00:00.000000+0000,2026-03-21T03:00:00.000000+0000,2026-03-21T03:00:00.000000+0000,session_optimizer_new_york_gbpjpy_medium,live_policy,medium,10000.0,0,0.0,0.0,0.0,0.0,0,no_bars,0,false,false,false,
GBPUSD,asia,2026-03-20T22:00:00.000000+0000,2026-03-21T03:00:00.000000+0000,2026-03-21T03:00:00.000000+0000,session_optimizer_new_york_gbpusd_medium,live_policy,medium,10000.0,0,0.0,0.0,0.0,0.0,0,no_bars,0,false,false,false,
NZDUSD,asia,2026-03-20T22:00:00.000000+0000,2026-03-21T03:00:00.000000+0000,2026-03-21T03:00:00.000000+0000,session_optimizer_new_york_nzdusd_medium,live_policy,medium,10000.0,0,0.0,0.0,0.0,0.0,0,no_bars,0,false,false,false,
EURJPY,asia,2026-03-21T22:00:00.000000+0000,2026-03-22T03:00:00.000000+0000,2026-03-22T03:00:00.000000+0000,both_sides_normal,live_policy,medium,10000.0,0,0.0,0.0,0.0,0.0,0,no_bars,0,false,false,false,
GBPJPY,asia,2026-03-21T22:00:00.000000+0000,2026-03-22T03:00:00.000000+0000,2026-03-22T03:00:00.000000+0000,session_optimizer_new_york_gbpjpy_medium,live_policy,medium,10000.0,0,0.0,0.0,0.0,0.0,0,no_bars,0,false,false,false,
GBPUSD,asia,2026-03-21T22:00:00.000000+0000,2026-03-22T03:00:00.000000+0000,2026-03-22T03:00:00.000000+0000,session_optimizer_new_york_gbpusd_medium,live_policy,medium,10000.0,0,0.0,0.0,0.0,0.0,0,no_bars,0,false,false,false,
NZDUSD,asia,2026-03-21T22:00:00.000000+0000,2026-03-22T03:00:00.000000+0000,2026-03-22T03:00:00.000000+0000,session_optimizer_new_york_nzdusd_medium,live_policy,medium,10000.0,0,0.0,0.0,0.0,0.0,0,no_bars,0,false,false,false,
EURJPY,asia,2026-03-22T22:00:00.000000+0000,2026-03-23T03:00:00.000000+0000,2026-03-23T03:00:00.000000+0000,both_sides_normal,live_policy,medium,10000.0,4,0.0464,0.842875,1.869489,1.869489,4,basket_tp_pips,32,false,false,false,
GBPJPY,asia,2026-03-22T22:00:00.000000+0000,2026-03-23T03:00:00.000000+0000,2026-03-23T03:00:00.000000+0000,session_optimizer_new_york_gbpjpy_medium,live_policy,medium,10000.0,4,0.040909,0.738821,0.743398,0.743398,4,basket_tp_pips,7,false,false,false,
GBPUSD,asia,2026-03-22T22:00:00.000000+0000,2026-03-23T03:00:00.000000+0000,2026-03-23T03:00:00.000000+0000,session_optimizer_new_york_gbpusd_medium,live_policy,medium,10000.0,3,0.0305,0.536012,0.2457,0.2457,3,basket_tp_pips,9,false,false,false,
NZDUSD,asia,2026-03-22T22:00:00.000000+0000,2026-03-23T03:00:00.000000+0000,2026-03-23T03:00:00.000000+0000,session_optimizer_new_york_nzdusd_medium,live_policy,medium,10000.0,1,0.01,0.13,0.286,0.286,1,basket_tp_pips,2,false,false,false,
EURJPY,asia,2026-03-23T22:00:00.000000+0000,2026-03-24T03:00:00.000000+0000,2026-03-24T03:00:00.000000+0000,both_sides_normal,live_policy,medium,10000.0,3,0.032,0.402545,0.0,0.0,3,basket_tp_pips,2,false,false,false,
GBPJPY,asia,2026-03-23T22:00:00.000000+0000,2026-03-24T03:00:00.000000+0000,2026-03-24T03:00:00.000000+0000,session_optimizer_new_york_gbpjpy_medium,live_policy,medium,10000.0,4,0.040909,0.738821,0.0,0.0,4,basket_tp_pips,2,false,false,false,
GBPUSD,asia,2026-03-23T22:00:00.000000+0000,2026-03-24T03:00:00.000000+0000,2026-03-24T03:00:00.000000+0000,session_optimizer_new_york_gbpusd_medium,live_policy,medium,10000.0,3,0.0305,0.536012,0.06825,0.06825,3,basket_tp_pips,9,false,false,false,
NZDUSD,asia,2026-03-23T22:00:00.000000+0000,2026-03-24T03:00:00.000000+0000,2026-03-24T03:00:00.000000+0000,session_optimizer_new_york_nzdusd_medium,live_policy,medium,10000.0,3,0.031525,0.409825,4.633037,4.633037,3,basket_tp_pips,96,false,false,false,
EURJPY,asia,2026-03-24T22:00:00.000000+0000,2026-03-25T03:00:00.000000+0000,2026-03-25T03:00:00.000000+0000,both_sides_normal,live_policy,medium,10000.0,6,0.084416,1.85387,5.475859,5.475859,6,basket_tp_pips,26,false,false,false,
GBPJPY,asia,2026-03-24T22:00:00.000000+0000,2026-03-25T03:00:00.000000+0000,2026-03-25T03:00:00.000000+0000,session_optimizer_new_york_gbpjpy_medium,live_policy,medium,10000.0,3,0.0303,0.36669,0.0,0.0,3,basket_tp_pips,2,false,false,false,
GBPUSD,asia,2026-03-24T22:00:00.000000+0000,2026-03-25T03:00:00.000000+0000,2026-03-25T03:00:00.000000+0000,session_optimizer_new_york_gbpusd_medium,live_policy,medium,10000.0,3,0.0305,0.536012,0.53235,0.53235,3,basket_tp_pips,12,false,false,false,
NZDUSD,asia,2026-03-24T22:00:00.000000+0000,2026-03-25T03:00:00.000000+0000,2026-03-25T03:00:00.000000+0000,session_optimizer_new_york_nzdusd_medium,live_policy,medium,10000.0,1,0.01,0.13,0.715,0.715,1,basket_tp_pips,3,false,false,false,
EURJPY,asia,2026-03-25T22:00:00.000000+0000,2026-03-26T03:00:00.000000+0000,2026-03-26T03:00:00.000000+0000,both_sides_normal,live_policy,medium,10000.0,3,0.032,0.402545,0.674782,0.642382,3,basket_tp_pips,61,false,false,false,
GBPJPY,asia,2026-03-25T22:00:00.000000+0000,2026-03-26T03:00:00.000000+0000,2026-03-26T03:00:00.000000+0000,session_optimizer_new_york_gbpjpy_medium,live_policy,medium,10000.0,0,0.0,0.0,0.0,0.0,0,event_risk_gated,0,false,true,false,
GBPUSD,asia,2026-03-25T22:00:00.000000+0000,2026-03-26T03:00:00.000000+0000,2026-03-26T03:00:00.000000+0000,session_optimizer_new_york_gbpusd_medium,live_policy,medium,10000.0,0,0.0,0.0,0.0,0.0,0,event_risk_gated,0,false,true,false,
NZDUSD,asia,2026-03-25T22:00:00.000000+0000,2026-03-26T03:00:00.000000+0000,2026-03-26T03:00:00.000000+0000,session_optimizer_new_york_nzdusd_medium,live_policy,medium,10000.0,1,0.01,0.13,0.715,0.715,1,basket_tp_pips,3,false,false,false,
EURJPY,asia,2026-03-26T22:00:00.000000+0000,2026-03-27T03:00:00.000000+0000,2026-03-27T03:00:00.000000+0000,both_sides_normal,live_policy,medium,10000.0,3,0.032,0.402545,0.0648,0.0648,3,basket_tp_pips,8,false,false,false,
GBPJPY,asia,2026-03-26T22:00:00.000000+0000,2026-03-27T03:00:00.000000+0000,2026-03-27T03:00:00.000000+0000,session_optimizer_new_york_gbpjpy_medium,live_policy,medium,10000.0,3,0.0303,0.36669,0.0,0.0,3,basket_tp_pips,2,false,false,false,
GBPUSD,asia,2026-03-26T22:00:00.000000+0000,2026-03-27T03:00:00.000000+0000,2026-03-27T03:00:00.000000+0000,session_optimizer_new_york_gbpusd_medium,live_policy,medium,10000.0,3,0.0305,0.536012,0.04095,0.04095,3,basket_tp_pips,9,false,false,false,
NZDUSD,asia,2026-03-26T22:00:00.000000+0000,2026-03-27T03:00:00.000000+0000,2026-03-27T03:00:00.000000+0000,session_optimizer_new_york_nzdusd_medium,live_policy,medium,10000.0,1,0.01,0.13,0.559,0.559,1,basket_tp_pips,3,false,false,false,
EURJPY,asia,2026-03-27T22:00:00.000000+0000,2026-03-28T03:00:00.000000+0000,2026-03-28T03:00:00.000000+0000,both_sides_normal,live_policy,medium,10000.0,0,0.0,0.0,0.0,0.0,0,no_bars,0,false,false,false,
GBPJPY,asia,2026-03-27T22:00:00.000000+0000,2026-03-28T03:00:00.000000+0000,2026-03-28T03:00:00.000000+0000,session_optimizer_new_york_gbpjpy_medium,live_policy,medium,10000.0,0,0.0,0.0,0.0,0.0,0,no_bars,0,false,false,false,
GBPUSD,asia,2026-03-27T22:00:00.000000+0000,2026-03-28T03:00:00.000000+0000,2026-03-28T03:00:00.000000+0000,session_optimizer_new_york_gbpusd_medium,live_policy,medium,10000.0,0,0.0,0.0,0.0,0.0,0,no_bars,0,false,false,false,
NZDUSD,asia,2026-03-27T22:00:00.000000+0000,2026-03-28T03:00:00.000000+0000,2026-03-28T03:00:00.000000+0000,session_optimizer_new_york_nzdusd_medium,live_policy,medium,10000.0,0,0.0,0.0,0.0,0.0,0,no_bars,0,false,false,false,
EURJPY,asia,2026-03-28T22:00:00.000000+0000,2026-03-29T03:00:00.000000+0000,2026-03-29T03:00:00.000000+0000,both_sides_normal,live_policy,medium,10000.0,0,0.0,0.0,0.0,0.0,0,no_bars,0,false,false,false,
GBPJPY,asia,2026-03-28T22:00:00.000000+0000,2026-03-29T03:00:00.000000+0000,2026-03-29T03:00:00.000000+0000,session_optimizer_new_york_gbpjpy_medium,live_policy,medium,10000.0,0,0.0,0.0,0.0,0.0,0,no_bars,0,false,false,false,
GBPUSD,asia,2026-03-28T22:00:00.000000+0000,2026-03-29T03:00:00.000000+0000,2026-03-29T03:00:00.000000+0000,session_optimizer_new_york_gbpusd_medium,live_policy,medium,10000.0,0,0.0,0.0,0.0,0.0,0,no_bars,0,false,false,false,
NZDUSD,asia,2026-03-28T22:00:00.000000+0000,2026-03-29T03:00:00.000000+0000,2026-03-29T03:00:00.000000+0000,session_optimizer_new_york_nzdusd_medium,live_policy,medium,10000.0,0,0.0,0.0,0.0,0.0,0,no_bars,0,false,false,false,
EURJPY,asia,2026-03-29T22:00:00.000000+0000,2026-03-30T03:00:00.000000+0000,2026-03-30T03:00:00.000000+0000,both_sides_normal,live_policy,medium,10000.0,3,0.032,0.402545,0.378,0.378,3,basket_tp_pips,4,false,false,false,
GBPJPY,asia,2026-03-29T22:00:00.000000+0000,2026-03-30T03:00:00.000000+0000,2026-03-30T03:00:00.000000+0000,session_optimizer_new_york_gbpjpy_medium,live_policy,medium,10000.0,3,0.0303,0.36669,0.45423,0.45423,3,basket_tp_pips,5,false,false,false,
GBPUSD,asia,2026-03-29T22:00:00.000000+0000,2026-03-30T03:00:00.000000+0000,2026-03-30T03:00:00.000000+0000,session_optimizer_new_york_gbpusd_medium,live_policy,medium,10000.0,6,0.065256,2.224357,5.491658,5.491658,6,basket_tp_pips,21,false,false,false,
NZDUSD,asia,2026-03-29T22:00:00.000000+0000,2026-03-30T03:00:00.000000+0000,2026-03-30T03:00:00.000000+0000,session_optimizer_new_york_nzdusd_medium,live_policy,medium,10000.0,1,0.01,0.13,0.403,0.403,1,basket_tp_pips,2,false,false,false,
EURJPY,asia,2026-03-30T22:00:00.000000+0000,2026-03-31T03:00:00.000000+0000,2026-03-31T03:00:00.000000+0000,both_sides_normal,live_policy,medium,10000.0,3,0.032,0.402545,0.0,0.0,3,basket_tp_pips,2,false,false,false,
GBPJPY,asia,2026-03-30T22:00:00.000000+0000,2026-03-31T03:00:00.000000+0000,2026-03-31T03:00:00.000000+0000,session_optimizer_new_york_gbpjpy_medium,live_policy,medium,10000.0,4,0.040909,0.738821,0.26883,0.26883,4,basket_tp_pips,4,false,false,false,
GBPUSD,asia,2026-03-30T22:00:00.000000+0000,2026-03-31T03:00:00.000000+0000,2026-03-31T03:00:00.000000+0000,session_optimizer_new_york_gbpusd_medium,live_policy,medium,10000.0,5,0.053101,1.647845,4.520421,4.520421,5,basket_tp_pips,159,false,false,false,
NZDUSD,asia,2026-03-30T22:00:00.000000+0000,2026-03-31T03:00:00.000000+0000,2026-03-31T03:00:00.000000+0000,session_optimizer_new_york_nzdusd_medium,live_policy,medium,10000.0,1,0.01,0.13,0.312,0.312,1,basket_tp_pips,2,false,false,false,
EURJPY,asia,2026-03-31T22:00:00.000000+0000,2026-04-01T03:00:00.000000+0000,2026-04-01T03:00:00.000000+0000,both_sides_normal,live_policy,medium,10000.0,3,0.032,0.402545,0.0,0.0,3,basket_tp_pips,3,false,false,false,
GBPJPY,asia,2026-03-31T22:00:00.000000+0000,2026-04-01T03:00:00.000000+0000,2026-04-01T03:00:00.000000+0000,session_optimizer_new_york_gbpjpy_medium,live_policy,medium,10000.0,5,0.051209,1.769479,0.0,0.0,5,basket_tp_pips,2,false,false,false,
GBPUSD,asia,2026-03-31T22:00:00.000000+0000,2026-04-01T03:00:00.000000+0000,2026-04-01T03:00:00.000000+0000,session_optimizer_new_york_gbpusd_medium,live_policy,medium,10000.0,3,0.0305,0.536012,0.0,0.0,3,basket_tp_pips,2,false,false,false,
NZDUSD,asia,2026-03-31T22:00:00.000000+0000,2026-04-01T03:00:00.000000+0000,2026-04-01T03:00:00.000000+0000,session_optimizer_new_york_nzdusd_medium,live_policy,medium,10000.0,1,0.01,0.13,0.533,0.533,1,basket_tp_pips,5,false,false,false,
