pair,session_name,session_start_utc,session_end_utc,managed_close_start_utc,policy_id,policy_source,risk_mode,account_equity,trade_count,gross_lots,realized_pnl,max_drawdown,max_adverse_excursion,max_open_legs,exit_reason,bars_processed,entered_managed_close,gated_by_event_risk,gated_by_entry_intent,derived_entry_direction
EURJPY,asia,2026-03-01T23:00:00.000000+0000,2026-03-02T03:00:00.000000+0000,2026-03-02T03:00:00.000000+0000,both_sides_normal,live_policy,medium,10000.0,8,0.139159,9.581104,27.379504,24.750265,8,basket_tp_pips,85,false,false,false,
GBPJPY,asia,2026-03-01T23:00:00.000000+0000,2026-03-02T03:00:00.000000+0000,2026-03-02T03:00:00.000000+0000,session_optimizer_new_york_gbpjpy_medium,live_policy,medium,10000.0,9,0.095593,5.441058,4.029395,4.029395,9,basket_tp_pips,7,false,false,false,
GBPUSD,asia,2026-03-01T23:00:00.000000+0000,2026-03-02T03:00:00.000000+0000,2026-03-02T03:00:00.000000+0000,session_optimizer_new_york_gbpusd_medium,live_policy,medium,10000.0,8,0.09142,8.673644,7.558811,7.217561,8,basket_tp_pips,23,false,false,false,
NZDUSD,asia,2026-03-01T23:00:00.000000+0000,2026-03-02T03:00:00.000000+0000,2026-03-02T03:00:00.000000+0000,session_optimizer_new_york_nzdusd_medium,live_policy,medium,10000.0,7,0.08142,8.46768,19.068855,19.068855,7,basket_tp_pips,66,false,false,false,
EURJPY,asia,2026-03-02T23:00:00.000000+0000,2026-03-03T03:00:00.000000+0000,2026-03-03T03:00:00.000000+0000,both_sides_normal,live_policy,medium,10000.0,0,0.0,0.0,0.0,0.0,0,event_risk_gated,0,false,true,false,
GBPJPY,asia,2026-03-02T23:00:00.000000+0000,2026-03-03T03:00:00.000000+0000,2026-03-03T03:00:00.000000+0000,session_optimizer_new_york_gbpjpy_medium,live_policy,medium,10000.0,0,0.0,0.0,0.0,0.0,0,event_risk_gated,0,false,true,false,
GBPUSD,asia,2026-03-02T23:00:00.000000+0000,2026-03-03T03:00:00.000000+0000,2026-03-03T03:00:00.000000+0000,session_optimizer_new_york_gbpusd_medium,live_policy,medium,10000.0,6,0.065256,5.524639,2.716412,2.716412,6,basket_tp_pips,99,false,false,false,
NZDUSD,asia,2026-03-02T23:00:00.000000+0000,2026-03-03T03:00:00.000000+0000,2026-03-03T03:00:00.000000+0000,session_optimizer_new_york_nzdusd_medium,live_policy,medium,10000.0,5,0.055256,5.746624,7.298717,6.111232,5,basket_tp_pips,181,false,false,false,
EURJPY,asia,2026-03-03T23:00:00.000000+0000,2026-03-04T03:00:00.000000+0000,2026-03-04T03:00:00.000000+0000,both_sides_normal,live_policy,medium,10000.0,8,0.139159,9.581104,48.191274,48.191274,8,basket_tp_pips,96,false,false,false,
GBPJPY,asia,2026-03-03T23:00:00.000000+0000,2026-03-04T03:00:00.000000+0000,2026-03-04T03:00:00.000000+0000,session_optimizer_new_york_gbpjpy_medium,live_policy,medium,10000.0,10,0.107534,6.744787,11.804791,11.717527,10,basket_tp_pips,71,false,false,false,
GBPUSD,asia,2026-03-03T23:00:00.000000+0000,2026-03-04T03:00:00.000000+0000,2026-03-04T03:00:00.000000+0000,session_optimizer_new_york_gbpusd_medium,live_policy,medium,10000.0,5,0.052025,2.381595,0.143325,0.0,5,basket_tp_pips,8,false,false,false,
NZDUSD,asia,2026-03-03T23:00:00.000000+0000,2026-03-04T03:00:00.000000+0000,2026-03-04T03:00:00.000000+0000,session_optimizer_new_york_nzdusd_medium,live_policy,medium,10000.0,5,0.055256,5.746624,6.111232,6.111232,5,basket_tp_pips,64,false,false,false,
EURJPY,asia,2026-03-04T23:00:00.000000+0000,2026-03-05T03:00:00.000000+0000,2026-03-05T03:00:00.000000+0000,both_sides_normal,live_policy,medium,10000.0,0,0.0,0.0,0.0,0.0,0,event_risk_gated,0,false,true,false,
GBPJPY,asia,2026-03-04T23:00:00.000000+0000,2026-03-05T03:00:00.000000+0000,2026-03-05T03:00:00.000000+0000,session_optimizer_new_york_gbpjpy_medium,live_policy,medium,10000.0,0,0.0,0.0,0.0,0.0,0,event_risk_gated,0,false,true,false,
GBPUSD,asia,2026-03-04T23:00:00.000000+0000,2026-03-05T03:00:00.000000+0000,2026-03-05T03:00:00.000000+0000,session_optimizer_new_york_gbpusd_medium,live_policy,medium,10000.0,6,0.063601,4.007974,2.581878,2.109601,6,basket_tp_pips,82,false,false,false,
NZDUSD,asia,2026-03-04T23:00:00.000000+0000,2026-03-05T03:00:00.000000+0000,2026-03-05T03:00:00.000000+0000,session_optimizer_new_york_nzdusd_medium,live_policy,medium,10000.0,4,0.043101,4.482504,3.441425,2.418975,4,basket_tp_pips,162,false,false,false,
EURJPY,asia,2026-03-05T23:00:00.000000+0000,2026-03-06T03:00:00.000000+0000,2026-03-06T03:00:00.000000+0000,both_sides_normal,live_policy,medium,10000.0,8,0.139159,-20.844284,29.209245,29.209245,8,session_close,240,false,false,false,
GBPJPY,asia,2026-03-05T23:00:00.000000+0000,2026-03-06T03:00:00.000000+0000,2026-03-06T03:00:00.000000+0000,session_optimizer_new_york_gbpjpy_medium,live_policy,medium,10000.0,6,0.063091,3.658506,0.0,0.0,6,basket_tp_pips,2,false,false,false,
GBPUSD,asia,2026-03-05T23:00:00.000000+0000,2026-03-06T03:00:00.000000+0000,2026-03-06T03:00:00.000000+0000,session_optimizer_new_york_gbpusd_medium,live_policy,medium,10000.0,8,0.09142,-10.560017,16.532503,16.130777,8,session_close,240,false,false,false,
NZDUSD,asia,2026-03-05T23:00:00.000000+0000,2026-03-06T03:00:00.000000+0000,2026-03-06T03:00:00.000000+0000,session_optimizer_new_york_nzdusd_medium,live_policy,medium,10000.0,7,0.08142,-7.531641,14.199939,14.199939,7,session_close,240,false,false,false,
EURJPY,asia,2026-03-06T23:00:00.000000+0000,2026-03-07T03:00:00.000000+0000,2026-03-07T03:00:00.000000+0000,both_sides_normal,live_policy,medium,10000.0,0,0.0,0.0,0.0,0.0,0,no_bars,0,false,false,false,
GBPJPY,asia,2026-03-06T23:00:00.000000+0000,2026-03-07T03:00:00.000000+0000,2026-03-07T03:00:00.000000+0000,session_optimizer_new_york_gbpjpy_medium,live_policy,medium,10000.0,0,0.0,0.0,0.0,0.0,0,no_bars,0,false,false,false,
GBPUSD,asia,2026-03-06T23:00:00.000000+0000,2026-03-07T03:00:00.000000+0000,2026-03-07T03:00:00.000000+0000,session_optimizer_new_york_gbpusd_medium,live_policy,medium,10000.0,0,0.0,0.0,0.0,0.0,0,no_bars,0,false,false,false,
NZDUSD,asia,2026-03-06T23:00:00.000000+0000,2026-03-07T03:00:00.000000+0000,2026-03-07T03:00:00.000000+0000,session_optimizer_new_york_nzdusd_medium,live_policy,medium,10000.0,0,0.0,0.0,0.0,0.0,0,no_bars,0,false,false,false,
EURJPY,asia,2026-03-07T23:00:00.000000+0000,2026-03-08T03:00:00.000000+0000,2026-03-08T03:00:00.000000+0000,both_sides_normal,live_policy,medium,10000.0,0,0.0,0.0,0.0,0.0,0,no_bars,0,false,false,false,
GBPJPY,asia,2026-03-07T23:00:00.000000+0000,2026-03-08T03:00:00.000000+0000,2026-03-08T03:00:00.000000+0000,session_optimizer_new_york_gbpjpy_medium,live_policy,medium,10000.0,0,0.0,0.0,0.0,0.0,0,no_bars,0,false,false,false,
GBPUSD,asia,2026-03-07T23:00:00.000000+0000,2026-03-08T03:00:00.000000+0000,2026-03-08T03:00:00.000000+0000,session_optimizer_new_york_gbpusd_medium,live_policy,medium,10000.0,0,0.0,0.0,0.0,0.0,0,no_bars,0,false,false,false,
NZDUSD,asia,2026-03-07T23:00:00.000000+0000,2026-03-08T03:00:00.000000+0000,2026-03-08T03:00:00.000000+0000,session_optimizer_new_york_nzdusd_medium,live_policy,medium,10000.0,0,0.0,0.0,0.0,0.0,0,no_bars,0,false,false,false,
EURJPY,asia,2026-03-08T22:00:00.000000+0000,2026-03-09T03:00:00.000000+0000,2026-03-09T03:00:00.000000+0000,both_sides_normal,live_policy,medium,10000.0,8,0.110816,6.157661,1.314484,0.741095,8,basket_tp_pips,11,false,false,false,
GBPJPY,asia,2026-03-08T22:00:00.000000+0000,2026-03-09T03:00:00.000000+0000,2026-03-09T03:00:00.000000+0000,session_optimizer_new_york_gbpjpy_medium,live_policy,medium,10000.0,8,0.084984,4.891229,4.096062,4.096062,8,basket_tp_pips,10,false,false,false,
GBPUSD,asia,2026-03-08T22:00:00.000000+0000,2026-03-09T03:00:00.000000+0000,2026-03-09T03:00:00.000000+0000,session_optimizer_new_york_gbpusd_medium,live_policy,medium,10000.0,8,0.09142,-45.177036,43.984577,43.984577,8,basket_sl_pips,196,false,false,false,
NZDUSD,asia,2026-03-08T22:00:00.000000+0000,2026-03-09T03:00:00.000000+0000,2026-03-09T03:00:00.000000+0000,session_optimizer_new_york_nzdusd_medium,live_policy,medium,10000.0,1,0.01,1.04,0.325,0.325,1,basket_tp_pips,7,false,false,false,
EURJPY,asia,2026-03-09T22:00:00.000000+0000,2026-03-10T03:00:00.000000+0000,2026-03-10T03:00:00.000000+0000,both_sides_normal,live_policy,medium,10000.0,5,0.0584,2.026602,0.0,0.0,5,basket_tp_pips,3,false,false,false,
GBPJPY,asia,2026-03-09T22:00:00.000000+0000,2026-03-10T03:00:00.000000+0000,2026-03-10T03:00:00.000000+0000,session_optimizer_new_york_gbpjpy_medium,live_policy,medium,10000.0,7,0.072745,2.920364,0.0,0.0,7,basket_tp_pips,2,false,false,false,
GBPUSD,asia,2026-03-09T22:00:00.000000+0000,2026-03-10T03:00:00.000000+0000,2026-03-10T03:00:00.000000+0000,session_optimizer_new_york_gbpusd_medium,live_policy,medium,10000.0,5,0.052025,2.381595,0.52143,0.52143,5,basket_tp_pips,4,false,false,false,
NZDUSD,asia,2026-03-09T22:00:00.000000+0000,2026-03-10T03:00:00.000000+0000,2026-03-10T03:00:00.000000+0000,session_optimizer_new_york_nzdusd_medium,live_policy,medium,10000.0,3,0.031525,3.2786,2.00915,2.00915,3,basket_tp_pips,38,false,false,false,
EURJPY,asia,2026-03-10T22:00:00.000000+0000,2026-03-11T03:00:00.000000+0000,2026-03-11T03:00:00.000000+0000,both_sides_normal,live_policy,medium,10000.0,9,0.151159,-35.346029,42.883626,40.457514,9,session_close,300,false,false,false,
GBPJPY,asia,2026-03-10T22:00:00.000000+0000,2026-03-11T03:00:00.000000+0000,2026-03-11T03:00:00.000000+0000,session_optimizer_new_york_gbpjpy_medium,live_policy,medium,10000.0,6,0.062136,2.671083,1.64491,1.64491,6,basket_tp_pips,53,false,false,false,
GBPUSD,asia,2026-03-10T22:00:00.000000+0000,2026-03-11T03:00:00.000000+0000,2026-03-11T03:00:00.000000+0000,session_optimizer_new_york_gbpusd_medium,live_policy,medium,10000.0,9,0.10192,-14.313403,19.024402,17.560439,9,session_close,300,false,false,false,
NZDUSD,asia,2026-03-10T22:00:00.000000+0000,2026-03-11T03:00:00.000000+0000,2026-03-11T03:00:00.000000+0000,session_optimizer_new_york_nzdusd_medium,live_policy,medium,10000.0,3,0.031525,3.2786,1.1895,1.1895,3,basket_tp_pips,45,false,false,false,
EURJPY,asia,2026-03-11T22:00:00.000000+0000,2026-03-12T03:00:00.000000+0000,2026-03-12T03:00:00.000000+0000,both_sides_normal,live_policy,medium,10000.0,5,0.0584,2.026602,0.0,0.0,5,basket_tp_pips,2,false,false,false,
GBPJPY,asia,2026-03-11T22:00:00.000000+0000,2026-03-12T03:00:00.000000+0000,2026-03-12T03:00:00.000000+0000,session_optimizer_new_york_gbpjpy_medium,live_policy,medium,10000.0,8,0.086625,5.638907,8.65944,8.65944,8,basket_tp_pips,42,false,false,false,
GBPUSD,asia,2026-03-11T22:00:00.000000+0000,2026-03-12T03:00:00.000000+0000,2026-03-12T03:00:00.000000+0000,session_optimizer_new_york_gbpusd_medium,live_policy,medium,10000.0,8,0.09142,-29.407755,35.349899,35.349899,8,session_close,300,false,false,false,
NZDUSD,asia,2026-03-11T22:00:00.000000+0000,2026-03-12T03:00:00.000000+0000,2026-03-12T03:00:00.000000+0000,session_optimizer_new_york_nzdusd_medium,live_policy,medium,10000.0,1,0.01,1.04,0.273,0.273,1,basket_tp_pips,27,false,false,false,
EURJPY,asia,2026-03-12T22:00:00.000000+0000,2026-03-13T03:00:00.000000+0000,2026-03-13T03:00:00.000000+0000,both_sides_normal,live_policy,medium,10000.0,7,0.09008,4.041859,0.0,0.0,7,basket_tp_pips,2,false,false,false,
GBPJPY,asia,2026-03-12T22:00:00.000000+0000,2026-03-13T03:00:00.000000+0000,2026-03-13T03:00:00.000000+0000,session_optimizer_new_york_gbpjpy_medium,live_policy,medium,10000.0,8,0.086625,5.638907,0.0,0.0,8,basket_tp_pips,2,false,false,false,
GBPUSD,asia,2026-03-12T22:00:00.000000+0000,2026-03-13T03:00:00.000000+0000,2026-03-13T03:00:00.000000+0000,session_optimizer_new_york_gbpusd_medium,live_policy,medium,10000.0,5,0.052025,2.381595,1.1193,0.605377,5,basket_tp_pips,33,false,false,false,
NZDUSD,asia,2026-03-12T22:00:00.000000+0000,2026-03-13T03:00:00.000000+0000,2026-03-13T03:00:00.000000+0000,session_optimizer_new_york_nzdusd_medium,live_policy,medium,10000.0,5,0.055256,5.746624,5.64763,5.321072,5,basket_tp_pips,259,false,false,false,
EURJPY,asia,2026-03-13T22:00:00.000000+0000,2026-03-14T03:00:00.000000+0000,2026-03-14T03:00:00.000000+0000,both_sides_normal,live_policy,medium,10000.0,0,0.0,0.0,0.0,0.0,0,no_bars,0,false,false,false,
GBPJPY,asia,2026-03-13T22:00:00.000000+0000,2026-03-14T03:00:00.000000+0000,2026-03-14T03:00:00.000000+0000,session_optimizer_new_york_gbpjpy_medium,live_policy,medium,10000.0,0,0.0,0.0,0.0,0.0,0,no_bars,0,false,false,false,
GBPUSD,asia,2026-03-13T22:00:00.000000+0000,2026-03-14T03:00:00.000000+0000,2026-03-14T03:00:00.000000+0000,session_optimizer_new_york_gbpusd_medium,live_policy,medium,10000.0,0,0.0,0.0,0.0,0.0,0,no_bars,0,false,false,false,
NZDUSD,asia,2026-03-13T22:00:00.000000+0000,2026-03-14T03:00:00.000000+0000,2026-03-14T03:00:00.000000+0000,session_optimizer_new_york_nzdusd_medium,live_policy,medium,10000.0,0,0.0,0.0,0.0,0.0,0,no_bars,0,false,false,false,
EURJPY,asia,2026-03-14T22:00:00.000000+0000,2026-03-15T03:00:00.000000+0000,2026-03-15T03:00:00.000000+0000,both_sides_normal,live_policy,medium,10000.0,0,0.0,0.0,0.0,0.0,0,no_bars,0,false,false,false,
GBPJPY,asia,2026-03-14T22:00:00.000000+0000,2026-03-15T03:00:00.000000+0000,2026-03-15T03:00:00.000000+0000,session_optimizer_new_york_gbpjpy_medium,live_policy,medium,10000.0,0,0.0,0.0,0.0,0.0,0,no_bars,0,false,false,false,
GBPUSD,asia,2026-03-14T22:00:00.000000+0000,2026-03-15T03:00:00.000000+0000,2026-03-15T03:00:00.000000+0000,session_optimizer_new_york_gbpusd_medium,live_policy,medium,10000.0,0,0.0,0.0,0.0,0.0,0,no_bars,0,false,false,false,
NZDUSD,asia,2026-03-14T22:00:00.000000+0000,2026-03-15T03:00:00.000000+0000,2026-03-15T03:00:00.000000+0000,session_optimizer_new_york_nzdusd_medium,live_policy,medium,10000.0,0,0.0,0.0,0.0,0.0,0,no_bars,0,false,false,false,
EURJPY,asia,2026-03-15T22:00:00.000000+0000,2026-03-16T03:00:00.000000+0000,2026-03-16T03:00:00.000000+0000,both_sides_normal,live_policy,medium,10000.0,6,0.084416,5.275015,2.878722,2.608722,6,basket_tp_pips,26,false,false,false,
GBPJPY,asia,2026-03-15T22:00:00.000000+0000,2026-03-16T03:00:00.000000+0000,2026-03-16T03:00:00.000000+0000,session_optimizer_new_york_gbpjpy_medium,live_policy,medium,10000.0,7,0.073391,3.767638,2.245162,2.245162,7,basket_tp_pips,6,false,false,false,
GBPUSD,asia,2026-03-15T22:00:00.000000+0000,2026-03-16T03:00:00.000000+0000,2026-03-16T03:00:00.000000+0000,session_optimizer_new_york_gbpusd_medium,live_policy,medium,10000.0,7,0.075756,5.701054,4.142982,3.069409,7,basket_tp_pips,60,false,false,false,
NZDUSD,asia,2026-03-15T22:00:00.000000+0000,2026-03-16T03:00:00.000000+0000,2026-03-16T03:00:00.000000+0000,session_optimizer_new_york_nzdusd_medium,live_policy,medium,10000.0,1,0.01,1.04,0.286,0.0,1,basket_tp_pips,10,false,false,false,
EURJPY,asia,2026-03-16T22:00:00.000000+0000,2026-03-17T03:00:00.000000+0000,2026-03-17T03:00:00.000000+0000,both_sides_normal,live_policy,medium,10000.0,8,0.139159,9.581104,6.795437,6.795437,8,basket_tp_pips,7,false,false,false,
GBPJPY,asia,2026-03-16T22:00:00.000000+0000,2026-03-17T03:00:00.000000+0000,2026-03-17T03:00:00.000000+0000,session_optimizer_new_york_gbpjpy_medium,live_policy,medium,10000.0,6,0.062136,2.671083,0.864767,0.560371,6,basket_tp_pips,32,false,false,false,
GBPUSD,asia,2026-03-16T22:00:00.000000+0000,2026-03-17T03:00:00.000000+0000,2026-03-17T03:00:00.000000+0000,session_optimizer_new_york_gbpusd_medium,live_policy,medium,10000.0,8,0.09142,-7.960329,18.637619,18.637619,8,session_close,300,false,false,false,
NZDUSD,asia,2026-03-16T22:00:00.000000+0000,2026-03-17T03:00:00.000000+0000,2026-03-17T03:00:00.000000+0000,session_optimizer_new_york_nzdusd_medium,live_policy,medium,10000.0,2,0.0205,2.132,0.6565,0.6565,2,basket_tp_pips,42,false,false,false,
EURJPY,asia,2026-03-17T22:00:00.000000+0000,2026-03-18T03:00:00.000000+0000,2026-03-18T03:00:00.000000+0000,both_sides_normal,live_policy,medium,10000.0,5,0.0584,2.026602,0.0,0.0,5,basket_tp_pips,2,false,false,false,
GBPJPY,asia,2026-03-17T22:00:00.000000+0000,2026-03-18T03:00:00.000000+0000,2026-03-18T03:00:00.000000+0000,session_optimizer_new_york_gbpjpy_medium,live_policy,medium,10000.0,8,0.084984,4.891229,3.456259,3.456259,8,basket_tp_pips,4,false,false,false,
GBPUSD,asia,2026-03-17T22:00:00.000000+0000,2026-03-18T03:00:00.000000+0000,2026-03-18T03:00:00.000000+0000,session_optimizer_new_york_gbpusd_medium,live_policy,medium,10000.0,6,0.063601,1.064795,2.93813,0.1638,6,session_close,300,false,false,false,
NZDUSD,asia,2026-03-17T22:00:00.000000+0000,2026-03-18T03:00:00.000000+0000,2026-03-18T03:00:00.000000+0000,session_optimizer_new_york_nzdusd_medium,live_policy,medium,10000.0,5,0.055256,2.436871,6.621687,6.183065,5,session_close,300,false,false,false,
EURJPY,asia,2026-03-18T22:00:00.000000+0000,2026-03-19T03:00:00.000000+0000,2026-03-19T03:00:00.000000+0000,both_sides_normal,live_policy,medium,10000.0,6,0.084416,5.275015,4.579978,3.085776,6,basket_tp_pips,69,false,false,false,
GBPJPY,asia,2026-03-18T22:00:00.000000+0000,2026-03-19T03:00:00.000000+0000,2026-03-19T03:00:00.000000+0000,session_optimizer_new_york_gbpjpy_medium,live_policy,medium,10000.0,8,0.086625,5.638907,8.162813,8.162813,8,basket_tp_pips,120,false,false,false,
GBPUSD,asia,2026-03-18T22:00:00.000000+0000,2026-03-19T03:00:00.000000+0000,2026-03-19T03:00:00.000000+0000,session_optimizer_new_york_gbpusd_medium,live_policy,medium,10000.0,8,0.09142,8.673644,6.567639,6.567639,8,basket_tp_pips,102,false,false,false,
NZDUSD,asia,2026-03-18T22:00:00.000000+0000,2026-03-19T03:00:00.000000+0000,2026-03-19T03:00:00.000000+0000,session_optimizer_new_york_nzdusd_medium,live_policy,medium,10000.0,1,0.01,1.04,0.208,0.208,1,basket_tp_pips,5,false,false,false,
EURJPY,asia,2026-03-19T22:00:00.000000+0000,2026-03-20T03:00:00.000000+0000,2026-03-20T03:00:00.000000+0000,both_sides_normal,live_policy,medium,10000.0,8,0.139159,9.581104,15.121277,9.798244,8,basket_tp_pips,141,false,false,false,
GBPJPY,asia,2026-03-19T22:00:00.000000+0000,2026-03-20T03:00:00.000000+0000,2026-03-20T03:00:00.000000+0000,session_optimizer_new_york_gbpjpy_medium,live_policy,medium,10000.0,0,0.0,0.0,0.0,0.0,0,event_risk_gated,0,false,true,false,
GBPUSD,asia,2026-03-19T22:00:00.000000+0000,2026-03-20T03:00:00.000000+0000,2026-03-20T03:00:00.000000+0000,session_optimizer_new_york_gbpusd_medium,live_policy,medium,10000.0,0,0.0,0.0,0.0,0.0,0,event_risk_gated,0,false,true,false,
NZDUSD,asia,2026-03-19T22:00:00.000000+0000,2026-03-20T03:00:00.000000+0000,2026-03-20T03:00:00.000000+0000,session_optimizer_new_york_nzdusd_medium,live_policy,medium,10000.0,3,0.031525,3.2786,2.132098,2.132098,3,basket_tp_pips,37,false,false,false,
EURJPY,asia,2026-03-20T22:00:00.000000+0000,2026-03-21T03:00:00.000000+0000,2026-03-21T03:00:00.000000+0000,both_sides_normal,live_policy,medium,10000.0,0,0.0,0.0,0.0,0.0,0,no_bars,0,false,false,false,
GBPJPY,asia,2026-03-20T22:00:00.000000+0000,2026-03-21T03:00:00.000000+0000,2026-03-21T03:00:00.000000+0000,session_optimizer_new_york_gbpjpy_medium,live_policy,medium,10000.0,0,0.0,0.0,0.0,0.0,0,no_bars,0,false,false,false,
GBPUSD,asia,2026-03-20T22:00:00.000000+0000,2026-03-21T03:00:00.000000+0000,2026-03-21T03:00:00.000000+0000,session_optimizer_new_york_gbpusd_medium,live_policy,medium,10000.0,0,0.0,0.0,0.0,0.0,0,no_bars,0,false,false,false,
NZDUSD,asia,2026-03-20T22:00:00.000000+0000,2026-03-21T03:00:00.000000+0000,2026-03-21T03:00:00.000000+0000,session_optimizer_new_york_nzdusd_medium,live_policy,medium,10000.0,0,0.0,0.0,0.0,0.0,0,no_bars,0,false,false,false,
EURJPY,asia,2026-03-21T22:00:00.000000+0000,2026-03-22T03:00:00.000000+0000,2026-03-22T03:00:00.000000+0000,both_sides_normal,live_policy,medium,10000.0,0,0.0,0.0,0.0,0.0,0,no_bars,0,false,false,false,
GBPJPY,asia,2026-03-21T22:00:00.000000+0000,2026-03-22T03:00:00.000000+0000,2026-03-22T03:00:00.000000+0000,session_optimizer_new_york_gbpjpy_medium,live_policy,medium,10000.0,0,0.0,0.0,0.0,0.0,0,no_bars,0,false,false,false,
GBPUSD,asia,2026-03-21T22:00:00.000000+0000,2026-03-22T03:00:00.000000+0000,2026-03-22T03:00:00.000000+0000,session_optimizer_new_york_gbpusd_medium,live_policy,medium,10000.0,0,0.0,0.0,0.0,0.0,0,no_bars,0,false,false,false,
NZDUSD,asia,2026-03-21T22:00:00.000000+0000,2026-03-22T03:00:00.000000+0000,2026-03-22T03:00:00.000000+0000,session_optimizer_new_york_nzdusd_medium,live_policy,medium,10000.0,0,0.0,0.0,0.0,0.0,0,no_bars,0,false,false,false,
EURJPY,asia,2026-03-22T22:00:00.000000+0000,2026-03-23T03:00:00.000000+0000,2026-03-23T03:00:00.000000+0000,both_sides_normal,live_policy,medium,10000.0,7,0.109299,7.245243,8.438755,5.676051,7,basket_tp_pips,64,false,false,false,
GBPJPY,asia,2026-03-22T22:00:00.000000+0000,2026-03-23T03:00:00.000000+0000,2026-03-23T03:00:00.000000+0000,session_optimizer_new_york_gbpjpy_medium,live_policy,medium,10000.0,8,0.086625,5.638907,5.662699,5.456744,8,basket_tp_pips,66,false,false,false,
GBPUSD,asia,2026-03-22T22:00:00.000000+0000,2026-03-23T03:00:00.000000+0000,2026-03-23T03:00:00.000000+0000,session_optimizer_new_york_gbpusd_medium,live_policy,medium,10000.0,9,0.10192,0.337857,25.025936,18.906771,9,session_close,300,false,false,false,
NZDUSD,asia,2026-03-22T22:00:00.000000+0000,2026-03-23T03:00:00.000000+0000,2026-03-23T03:00:00.000000+0000,session_optimizer_new_york_nzdusd_medium,live_policy,medium,10000.0,7,0.08142,8.46768,16.051858,14.940861,7,basket_tp_pips,174,false,false,false,
EURJPY,asia,2026-03-23T22:00:00.000000+0000,2026-03-24T03:00:00.000000+0000,2026-03-24T03:00:00.000000+0000,both_sides_normal,live_policy,medium,10000.0,7,0.109299,7.245243,7.233219,5.562774,7,basket_tp_pips,106,false,false,false,
GBPJPY,asia,2026-03-23T22:00:00.000000+0000,2026-03-24T03:00:00.000000+0000,2026-03-24T03:00:00.000000+0000,session_optimizer_new_york_gbpjpy_medium,live_policy,medium,10000.0,7,0.074684,4.635515,3.456259,3.456259,7,basket_tp_pips,47,false,false,false,
GBPUSD,asia,2026-03-23T22:00:00.000000+0000,2026-03-24T03:00:00.000000+0000,2026-03-24T03:00:00.000000+0000,session_optimizer_new_york_gbpusd_medium,live_policy,medium,10000.0,5,0.052025,2.381595,0.68796,0.549413,5,basket_tp_pips,57,false,false,false,
NZDUSD,asia,2026-03-23T22:00:00.000000+0000,2026-03-24T03:00:00.000000+0000,2026-03-24T03:00:00.000000+0000,session_optimizer_new_york_nzdusd_medium,live_policy,medium,10000.0,6,0.068019,7.073976,8.465516,8.465516,6,basket_tp_pips,108,false,false,false,
EURJPY,asia,2026-03-24T22:00:00.000000+0000,2026-03-25T03:00:00.000000+0000,2026-03-25T03:00:00.000000+0000,both_sides_normal,live_policy,medium,10000.0,8,0.139159,-8.404084,39.39734,39.39734,8,session_close,300,false,false,false,
GBPJPY,asia,2026-03-24T22:00:00.000000+0000,2026-03-25T03:00:00.000000+0000,2026-03-25T03:00:00.000000+0000,session_optimizer_new_york_gbpjpy_medium,live_policy,medium,10000.0,5,0.051209,1.600847,0.67328,0.67328,5,basket_tp_pips,3,false,false,false,
GBPUSD,asia,2026-03-24T22:00:00.000000+0000,2026-03-25T03:00:00.000000+0000,2026-03-25T03:00:00.000000+0000,session_optimizer_new_york_gbpusd_medium,live_policy,medium,10000.0,7,0.074626,4.392489,0.694407,0.0,7,basket_tp_pips,18,false,false,false,
NZDUSD,asia,2026-03-24T22:00:00.000000+0000,2026-03-25T03:00:00.000000+0000,2026-03-25T03:00:00.000000+0000,session_optimizer_new_york_nzdusd_medium,live_policy,medium,10000.0,4,0.043101,4.482504,4.127397,3.595632,4,basket_tp_pips,151,false,false,false,
EURJPY,asia,2026-03-25T22:00:00.000000+0000,2026-03-26T03:00:00.000000+0000,2026-03-26T03:00:00.000000+0000,both_sides_normal,live_policy,medium,10000.0,7,0.109299,7.245243,5.652061,4.919821,7,basket_tp_pips,161,false,false,false,
GBPJPY,asia,2026-03-25T22:00:00.000000+0000,2026-03-26T03:00:00.000000+0000,2026-03-26T03:00:00.000000+0000,session_optimizer_new_york_gbpjpy_medium,live_policy,medium,10000.0,0,0.0,0.0,0.0,0.0,0,event_risk_gated,0,false,true,false,
GBPUSD,asia,2026-03-25T22:00:00.000000+0000,2026-03-26T03:00:00.000000+0000,2026-03-26T03:00:00.000000+0000,session_optimizer_new_york_gbpusd_medium,live_policy,medium,10000.0,0,0.0,0.0,0.0,0.0,0,event_risk_gated,0,false,true,false,
NZDUSD,asia,2026-03-25T22:00:00.000000+0000,2026-03-26T03:00:00.000000+0000,2026-03-26T03:00:00.000000+0000,session_optimizer_new_york_nzdusd_medium,live_policy,medium,10000.0,2,0.0205,2.132,1.30585,1.00295,2,basket_tp_pips,163,false,false,false,
EURJPY,asia,2026-03-26T22:00:00.000000+0000,2026-03-27T03:00:00.000000+0000,2026-03-27T03:00:00.000000+0000,both_sides_normal,live_policy,medium,10000.0,5,0.0584,2.026602,1.435883,0.65664,5,basket_tp_pips,127,false,false,false,
GBPJPY,asia,2026-03-26T22:00:00.000000+0000,2026-03-27T03:00:00.000000+0000,2026-03-27T03:00:00.000000+0000,session_optimizer_new_york_gbpjpy_medium,live_policy,medium,10000.0,6,0.062136,2.671083,0.0,0.0,6,basket_tp_pips,2,false,false,false,
GBPUSD,asia,2026-03-26T22:00:00.000000+0000,2026-03-27T03:00:00.000000+0000,2026-03-27T03:00:00.000000+0000,session_optimizer_new_york_gbpusd_medium,live_policy,medium,10000.0,8,0.086781,6.316265,1.542515,0.1911,8,basket_tp_pips,183,false,false,false,
NZDUSD,asia,2026-03-26T22:00:00.000000+0000,2026-03-27T03:00:00.000000+0000,2026-03-27T03:00:00.000000+0000,session_optimizer_new_york_nzdusd_medium,live_policy,medium,10000.0,2,0.0205,2.132,1.25255,0.89635,2,basket_tp_pips,141,false,false,false,
EURJPY,asia,2026-03-27T22:00:00.000000+0000,2026-03-28T03:00:00.000000+0000,2026-03-28T03:00:00.000000+0000,both_sides_normal,live_policy,medium,10000.0,0,0.0,0.0,0.0,0.0,0,no_bars,0,false,false,false,
GBPJPY,asia,2026-03-27T22:00:00.000000+0000,2026-03-28T03:00:00.000000+0000,2026-03-28T03:00:00.000000+0000,session_optimizer_new_york_gbpjpy_medium,live_policy,medium,10000.0,0,0.0,0.0,0.0,0.0,0,no_bars,0,false,false,false,
GBPUSD,asia,2026-03-27T22:00:00.000000+0000,2026-03-28T03:00:00.000000+0000,2026-03-28T03:00:00.000000+0000,session_optimizer_new_york_gbpusd_medium,live_policy,medium,10000.0,0,0.0,0.0,0.0,0.0,0,no_bars,0,false,false,false,
NZDUSD,asia,2026-03-27T22:00:00.000000+0000,2026-03-28T03:00:00.000000+0000,2026-03-28T03:00:00.000000+0000,session_optimizer_new_york_nzdusd_medium,live_policy,medium,10000.0,0,0.0,0.0,0.0,0.0,0,no_bars,0,false,false,false,
EURJPY,asia,2026-03-28T22:00:00.000000+0000,2026-03-29T03:00:00.000000+0000,2026-03-29T03:00:00.000000+0000,both_sides_normal,live_policy,medium,10000.0,0,0.0,0.0,0.0,0.0,0,no_bars,0,false,false,false,
GBPJPY,asia,2026-03-28T22:00:00.000000+0000,2026-03-29T03:00:00.000000+0000,2026-03-29T03:00:00.000000+0000,session_optimizer_new_york_gbpjpy_medium,live_policy,medium,10000.0,0,0.0,0.0,0.0,0.0,0,no_bars,0,false,false,false,
GBPUSD,asia,2026-03-28T22:00:00.000000+0000,2026-03-29T03:00:00.000000+0000,2026-03-29T03:00:00.000000+0000,session_optimizer_new_york_gbpusd_medium,live_policy,medium,10000.0,0,0.0,0.0,0.0,0.0,0,no_bars,0,false,false,false,
NZDUSD,asia,2026-03-28T22:00:00.000000+0000,2026-03-29T03:00:00.000000+0000,2026-03-29T03:00:00.000000+0000,session_optimizer_new_york_nzdusd_medium,live_policy,medium,10000.0,0,0.0,0.0,0.0,0.0,0,no_bars,0,false,false,false,
EURJPY,asia,2026-03-29T22:00:00.000000+0000,2026-03-30T03:00:00.000000+0000,2026-03-30T03:00:00.000000+0000,both_sides_normal,live_policy,medium,10000.0,6,0.07568,3.630075,1.23336,1.23336,6,basket_tp_pips,7,false,false,false,
GBPJPY,asia,2026-03-29T22:00:00.000000+0000,2026-03-30T03:00:00.000000+0000,2026-03-30T03:00:00.000000+0000,session_optimizer_new_york_gbpjpy_medium,live_policy,medium,10000.0,8,0.086625,-29.139343,29.120924,29.04669,8,basket_sl_pips,123,false,false,false,
GBPUSD,asia,2026-03-29T22:00:00.000000+0000,2026-03-30T03:00:00.000000+0000,2026-03-30T03:00:00.000000+0000,session_optimizer_new_york_gbpusd_medium,live_policy,medium,10000.0,8,0.09142,8.673644,14.366703,14.366703,8,basket_tp_pips,147,false,false,false,
NZDUSD,asia,2026-03-29T22:00:00.000000+0000,2026-03-30T03:00:00.000000+0000,2026-03-30T03:00:00.000000+0000,session_optimizer_new_york_nzdusd_medium,live_policy,medium,10000.0,2,0.0205,2.132,1.2623,0.9763,2,basket_tp_pips,75,false,false,false,
EURJPY,asia,2026-03-30T22:00:00.000000+0000,2026-03-31T03:00:00.000000+0000,2026-03-31T03:00:00.000000+0000,both_sides_normal,live_policy,medium,10000.0,8,0.139159,-0.039122,45.938319,44.223279,8,session_close,300,false,false,false,
GBPJPY,asia,2026-03-30T22:00:00.000000+0000,2026-03-31T03:00:00.000000+0000,2026-03-31T03:00:00.000000+0000,session_optimizer_new_york_gbpjpy_medium,live_policy,medium,10000.0,8,0.086625,5.638907,9.128421,7.340265,8,basket_tp_pips,159,false,false,false,
GBPUSD,asia,2026-03-30T22:00:00.000000+0000,2026-03-31T03:00:00.000000+0000,2026-03-31T03:00:00.000000+0000,session_optimizer_new_york_gbpusd_medium,live_policy,medium,10000.0,9,0.10192,9.299407,8.242351,7.423351,9,basket_tp_pips,163,false,false,false,
NZDUSD,asia,2026-03-30T22:00:00.000000+0000,2026-03-31T03:00:00.000000+0000,2026-03-31T03:00:00.000000+0000,session_optimizer_new_york_nzdusd_medium,live_policy,medium,10000.0,2,0.0205,2.132,0.39,0.39,2,basket_tp_pips,65,false,false,false,
EURJPY,asia,2026-03-31T22:00:00.000000+0000,2026-04-01T03:00:00.000000+0000,2026-04-01T03:00:00.000000+0000,both_sides_normal,live_policy,medium,10000.0,5,0.0584,2.026602,0.247557,0.0,5,basket_tp_pips,5,false,false,false,
GBPJPY,asia,2026-03-31T22:00:00.000000+0000,2026-04-01T03:00:00.000000+0000,2026-04-01T03:00:00.000000+0000,session_optimizer_new_york_gbpjpy_medium,live_policy,medium,10000.0,10,0.10652,6.302397,0.0,0.0,10,basket_tp_pips,2,false,false,false,
GBPUSD,asia,2026-03-31T22:00:00.000000+0000,2026-04-01T03:00:00.000000+0000,2026-04-01T03:00:00.000000+0000,session_optimizer_new_york_gbpusd_medium,live_policy,medium,10000.0,6,0.063601,4.007974,1.248975,1.248975,6,basket_tp_pips,9,false,false,false,
NZDUSD,asia,2026-03-31T22:00:00.000000+0000,2026-04-01T03:00:00.000000+0000,2026-04-01T03:00:00.000000+0000,session_optimizer_new_york_nzdusd_medium,live_policy,medium,10000.0,4,0.043101,-3.091351,4.525139,3.875789,4,session_close,120,false,false,false,
