pair,session_name,session_start_utc,session_end_utc,managed_close_start_utc,policy_id,policy_source,risk_mode,account_equity,trade_count,gross_lots,realized_pnl,max_drawdown,max_adverse_excursion,max_open_legs,exit_reason,bars_processed,entered_managed_close,gated_by_event_risk,gated_by_entry_intent,derived_entry_direction
EURJPY,new_york,2026-03-01T13:00:00.000000+0000,2026-03-01T21:00:00.000000+0000,2026-03-01T20:30:00.000000+0000,session_optimizer_asia_eurjpy_medium,live_policy,medium,10000.0,0,0.0,0.0,0.0,0.0,0,no_bars,0,false,false,false,
GBPJPY,new_york,2026-03-01T13:00:00.000000+0000,2026-03-01T21:00:00.000000+0000,2026-03-01T20:30:00.000000+0000,session_optimizer_asia_gbpjpy_medium,live_policy,medium,10000.0,0,0.0,0.0,0.0,0.0,0,no_bars,0,false,false,false,
GBPUSD,new_york,2026-03-01T13:00:00.000000+0000,2026-03-01T21:00:00.000000+0000,2026-03-01T20:30:00.000000+0000,session_optimizer_asia_gbpusd_medium,live_policy,medium,10000.0,0,0.0,0.0,0.0,0.0,0,no_bars,0,false,false,false,
NZDUSD,new_york,2026-03-01T13:00:00.000000+0000,2026-03-01T21:00:00.000000+0000,2026-03-01T20:30:00.000000+0000,session_optimizer_asia_nzdusd_medium,live_policy,medium,10000.0,0,0.0,0.0,0.0,0.0,0,no_bars,0,false,false,false,
EURJPY,new_york,2026-03-02T13:00:00.000000+0000,2026-03-02T21:00:00.000000+0000,2026-03-02T20:30:00.000000+0000,session_optimizer_asia_eurjpy_medium,live_policy,medium,10000.0,7,0.298736,20.404089,26.11138,24.81358,7,basket_tp_pips,60,false,false,false,
GBPJPY,new_york,2026-03-02T13:00:00.000000+0000,2026-03-02T21:00:00.000000+0000,2026-03-02T20:30:00.000000+0000,session_optimizer_asia_gbpjpy_medium,live_policy,medium,10000.0,4,0.163636,7.857257,2.825801,2.232521,4,basket_tp_pips,17,false,false,false,
GBPUSD,new_york,2026-03-02T13:00:00.000000+0000,2026-03-02T21:00:00.000000+0000,2026-03-02T20:30:00.000000+0000,session_optimizer_asia_gbpusd_medium,live_policy,medium,10000.0,4,0.1661,11.638936,5.52825,5.52825,4,basket_tp_pips,22,false,false,false,
NZDUSD,new_york,2026-03-02T13:00:00.000000+0000,2026-03-02T21:00:00.000000+0000,2026-03-02T20:30:00.000000+0000,session_optimizer_asia_nzdusd_medium,live_policy,medium,10000.0,3,0.1261,13.1144,9.95358,8.91358,3,basket_tp_pips,42,false,false,false,
EURJPY,new_york,2026-03-03T13:00:00.000000+0000,2026-03-03T21:00:00.000000+0000,2026-03-03T20:30:00.000000+0000,session_optimizer_asia_eurjpy_medium,live_policy,medium,10000.0,4,0.163636,7.857257,2.606724,2.606724,4,basket_tp_pips,14,false,false,false,
GBPJPY,new_york,2026-03-03T13:00:00.000000+0000,2026-03-03T21:00:00.000000+0000,2026-03-03T20:30:00.000000+0000,session_optimizer_asia_gbpjpy_medium,live_policy,medium,10000.0,5,0.204836,8.635387,1.527696,0.51912,5,basket_tp_pips,13,false,false,false,
GBPUSD,new_york,2026-03-03T13:00:00.000000+0000,2026-03-03T21:00:00.000000+0000,2026-03-03T20:30:00.000000+0000,session_optimizer_asia_gbpusd_medium,live_policy,medium,10000.0,8,0.36568,-140.247188,135.442112,134.030702,8,basket_sl_pips,135,false,false,false,
NZDUSD,new_york,2026-03-03T13:00:00.000000+0000,2026-03-03T21:00:00.000000+0000,2026-03-03T20:30:00.000000+0000,session_optimizer_asia_nzdusd_medium,live_policy,medium,10000.0,1,0.04,4.16,0.884,0.832,1,basket_tp_pips,9,false,false,false,
EURJPY,new_york,2026-03-04T13:00:00.000000+0000,2026-03-04T21:00:00.000000+0000,2026-03-04T20:30:00.000000+0000,session_optimizer_asia_eurjpy_medium,live_policy,medium,10000.0,4,0.163636,7.857257,4.290527,3.208903,4,basket_tp_pips,41,false,false,false,
GBPJPY,new_york,2026-03-04T13:00:00.000000+0000,2026-03-04T21:00:00.000000+0000,2026-03-04T20:30:00.000000+0000,session_optimizer_asia_gbpjpy_medium,live_policy,medium,10000.0,7,0.298736,20.404089,22.648093,22.648093,7,basket_tp_pips,38,false,false,false,
GBPUSD,new_york,2026-03-04T13:00:00.000000+0000,2026-03-04T21:00:00.000000+0000,2026-03-04T20:30:00.000000+0000,session_optimizer_asia_gbpusd_medium,live_policy,medium,10000.0,8,0.36568,38.017132,77.247872,57.896982,8,basket_tp_pips,96,false,false,false,
NZDUSD,new_york,2026-03-04T13:00:00.000000+0000,2026-03-04T21:00:00.000000+0000,2026-03-04T20:30:00.000000+0000,session_optimizer_asia_nzdusd_medium,live_policy,medium,10000.0,3,0.1261,13.1144,15.14292,15.14292,3,basket_tp_pips,64,false,false,false,
EURJPY,new_york,2026-03-05T13:00:00.000000+0000,2026-03-05T21:00:00.000000+0000,2026-03-05T20:30:00.000000+0000,session_optimizer_asia_eurjpy_medium,live_policy,medium,10000.0,4,0.163636,7.857257,4.864896,4.864896,4,basket_tp_pips,42,false,false,false,
GBPJPY,new_york,2026-03-05T13:00:00.000000+0000,2026-03-05T21:00:00.000000+0000,2026-03-05T20:30:00.000000+0000,session_optimizer_asia_gbpjpy_medium,live_policy,medium,10000.0,4,0.163636,7.857257,2.983086,2.983086,4,basket_tp_pips,24,false,false,false,
GBPUSD,new_york,2026-03-05T13:00:00.000000+0000,2026-03-05T21:00:00.000000+0000,2026-03-05T20:30:00.000000+0000,session_optimizer_asia_gbpusd_medium,live_policy,medium,10000.0,8,0.36568,-140.247188,130.323903,122.517798,8,basket_sl_pips,165,false,false,false,
NZDUSD,new_york,2026-03-05T13:00:00.000000+0000,2026-03-05T21:00:00.000000+0000,2026-03-05T20:30:00.000000+0000,session_optimizer_asia_nzdusd_medium,live_policy,medium,10000.0,1,0.04,4.16,2.028,1.092,1,basket_tp_pips,23,false,false,false,
EURJPY,new_york,2026-03-06T13:00:00.000000+0000,2026-03-06T21:00:00.000000+0000,2026-03-06T20:30:00.000000+0000,session_optimizer_asia_eurjpy_medium,live_policy,medium,10000.0,7,0.293565,18.821801,1.44612,0.66744,7,basket_tp_pips,31,false,false,false,
GBPJPY,new_york,2026-03-06T13:00:00.000000+0000,2026-03-06T21:00:00.000000+0000,2026-03-06T20:30:00.000000+0000,session_optimizer_asia_gbpjpy_medium,live_policy,medium,10000.0,9,0.387698,29.469167,23.327518,19.619518,9,basket_tp_pips,31,false,false,false,
GBPUSD,new_york,2026-03-06T13:00:00.000000+0000,2026-03-06T21:00:00.000000+0000,2026-03-06T20:30:00.000000+0000,session_optimizer_asia_gbpusd_medium,live_policy,medium,10000.0,8,0.36568,-158.91343,48.994582,48.612382,8,drawdown_limit,31,false,false,false,
NZDUSD,new_york,2026-03-06T13:00:00.000000+0000,2026-03-06T21:00:00.000000+0000,2026-03-06T20:30:00.000000+0000,session_optimizer_asia_nzdusd_medium,live_policy,medium,10000.0,5,0.221025,22.9866,7.1838,7.1838,5,basket_tp_pips,31,false,false,false,
EURJPY,new_york,2026-03-07T13:00:00.000000+0000,2026-03-07T21:00:00.000000+0000,2026-03-07T20:30:00.000000+0000,session_optimizer_asia_eurjpy_medium,live_policy,medium,10000.0,0,0.0,0.0,0.0,0.0,0,no_bars,0,false,false,false,
GBPJPY,new_york,2026-03-07T13:00:00.000000+0000,2026-03-07T21:00:00.000000+0000,2026-03-07T20:30:00.000000+0000,session_optimizer_asia_gbpjpy_medium,live_policy,medium,10000.0,0,0.0,0.0,0.0,0.0,0,no_bars,0,false,false,false,
GBPUSD,new_york,2026-03-07T13:00:00.000000+0000,2026-03-07T21:00:00.000000+0000,2026-03-07T20:30:00.000000+0000,session_optimizer_asia_gbpusd_medium,live_policy,medium,10000.0,0,0.0,0.0,0.0,0.0,0,no_bars,0,false,false,false,
NZDUSD,new_york,2026-03-07T13:00:00.000000+0000,2026-03-07T21:00:00.000000+0000,2026-03-07T20:30:00.000000+0000,session_optimizer_asia_nzdusd_medium,live_policy,medium,10000.0,0,0.0,0.0,0.0,0.0,0,no_bars,0,false,false,false,
EURJPY,new_york,2026-03-08T12:00:00.000000+0000,2026-03-08T21:00:00.000000+0000,2026-03-08T20:30:00.000000+0000,session_optimizer_asia_eurjpy_medium,live_policy,medium,10000.0,0,0.0,0.0,0.0,0.0,0,no_bars,0,false,false,false,
GBPJPY,new_york,2026-03-08T12:00:00.000000+0000,2026-03-08T21:00:00.000000+0000,2026-03-08T20:30:00.000000+0000,session_optimizer_asia_gbpjpy_medium,live_policy,medium,10000.0,0,0.0,0.0,0.0,0.0,0,no_bars,0,false,false,false,
GBPUSD,new_york,2026-03-08T12:00:00.000000+0000,2026-03-08T21:00:00.000000+0000,2026-03-08T20:30:00.000000+0000,session_optimizer_asia_gbpusd_medium,live_policy,medium,10000.0,0,0.0,0.0,0.0,0.0,0,no_bars,0,false,false,false,
NZDUSD,new_york,2026-03-08T12:00:00.000000+0000,2026-03-08T21:00:00.000000+0000,2026-03-08T20:30:00.000000+0000,session_optimizer_asia_nzdusd_medium,live_policy,medium,10000.0,0,0.0,0.0,0.0,0.0,0,no_bars,0,false,false,false,
EURJPY,new_york,2026-03-09T12:00:00.000000+0000,2026-03-09T21:00:00.000000+0000,2026-03-09T20:30:00.000000+0000,session_optimizer_asia_eurjpy_medium,live_policy,medium,10000.0,5,0.204836,8.635387,1.90962,0.51912,5,basket_tp_pips,55,false,false,false,
GBPJPY,new_york,2026-03-09T12:00:00.000000+0000,2026-03-09T21:00:00.000000+0000,2026-03-09T20:30:00.000000+0000,session_optimizer_asia_gbpjpy_medium,live_policy,medium,10000.0,8,0.339936,24.086439,18.186674,12.454477,8,basket_tp_pips,75,false,false,false,
GBPUSD,new_york,2026-03-09T12:00:00.000000+0000,2026-03-09T21:00:00.000000+0000,2026-03-09T20:30:00.000000+0000,session_optimizer_asia_gbpusd_medium,live_policy,medium,10000.0,8,0.36568,38.017132,68.715218,64.953278,8,basket_tp_pips,127,false,false,false,
NZDUSD,new_york,2026-03-09T12:00:00.000000+0000,2026-03-09T21:00:00.000000+0000,2026-03-09T20:30:00.000000+0000,session_optimizer_asia_nzdusd_medium,live_policy,medium,10000.0,2,0.082,8.528,2.6,2.6,2,basket_tp_pips,45,false,false,false,
EURJPY,new_york,2026-03-10T12:00:00.000000+0000,2026-03-10T21:00:00.000000+0000,2026-03-10T20:30:00.000000+0000,session_optimizer_asia_eurjpy_medium,live_policy,medium,10000.0,5,0.207345,11.93533,5.961451,5.961451,5,basket_tp_pips,20,false,false,false,
GBPJPY,new_york,2026-03-10T12:00:00.000000+0000,2026-03-10T21:00:00.000000+0000,2026-03-10T20:30:00.000000+0000,session_optimizer_asia_gbpjpy_medium,live_policy,medium,10000.0,5,0.204836,8.635387,1.947812,1.18656,5,basket_tp_pips,39,false,false,false,
GBPUSD,new_york,2026-03-10T12:00:00.000000+0000,2026-03-10T21:00:00.000000+0000,2026-03-10T20:30:00.000000+0000,session_optimizer_asia_gbpusd_medium,live_policy,medium,10000.0,4,0.1661,11.638936,7.2072,7.2072,4,basket_tp_pips,54,false,false,false,
NZDUSD,new_york,2026-03-10T12:00:00.000000+0000,2026-03-10T21:00:00.000000+0000,2026-03-10T20:30:00.000000+0000,session_optimizer_asia_nzdusd_medium,live_policy,medium,10000.0,1,0.04,4.16,0.78,0.78,1,basket_tp_pips,6,false,false,false,
EURJPY,new_york,2026-03-11T12:00:00.000000+0000,2026-03-11T21:00:00.000000+0000,2026-03-11T20:30:00.000000+0000,session_optimizer_asia_eurjpy_medium,live_policy,medium,10000.0,5,0.204836,8.635387,2.907814,2.907814,5,basket_tp_pips,31,false,false,false,
GBPJPY,new_york,2026-03-11T12:00:00.000000+0000,2026-03-11T21:00:00.000000+0000,2026-03-11T20:30:00.000000+0000,session_optimizer_asia_gbpjpy_medium,live_policy,medium,10000.0,9,0.387698,29.469167,37.521292,33.813292,9,basket_tp_pips,81,false,false,false,
GBPUSD,new_york,2026-03-11T12:00:00.000000+0000,2026-03-11T21:00:00.000000+0000,2026-03-11T20:30:00.000000+0000,session_optimizer_asia_gbpusd_medium,live_policy,medium,10000.0,8,0.354076,36.580258,41.759697,34.311243,8,basket_tp_pips,121,false,false,false,
NZDUSD,new_york,2026-03-11T12:00:00.000000+0000,2026-03-11T21:00:00.000000+0000,2026-03-11T20:30:00.000000+0000,session_optimizer_asia_nzdusd_medium,live_policy,medium,10000.0,1,0.04,4.16,2.236,2.236,1,basket_tp_pips,35,false,false,false,
EURJPY,new_york,2026-03-12T12:00:00.000000+0000,2026-03-12T21:00:00.000000+0000,2026-03-12T20:30:00.000000+0000,session_optimizer_asia_eurjpy_medium,live_policy,medium,10000.0,5,0.204836,8.635387,3.233747,2.380907,5,basket_tp_pips,31,false,false,false,
GBPJPY,new_york,2026-03-12T12:00:00.000000+0000,2026-03-12T21:00:00.000000+0000,2026-03-12T20:30:00.000000+0000,session_optimizer_asia_gbpjpy_medium,live_policy,medium,10000.0,6,0.248545,13.672414,4.313065,0.605065,6,basket_tp_pips,65,false,false,false,
GBPUSD,new_york,2026-03-12T12:00:00.000000+0000,2026-03-12T21:00:00.000000+0000,2026-03-12T20:30:00.000000+0000,session_optimizer_asia_gbpusd_medium,live_policy,medium,10000.0,8,0.36568,38.017132,51.09338,50.469302,8,basket_tp_pips,69,false,false,false,
NZDUSD,new_york,2026-03-12T12:00:00.000000+0000,2026-03-12T21:00:00.000000+0000,2026-03-12T20:30:00.000000+0000,session_optimizer_asia_nzdusd_medium,live_policy,medium,10000.0,1,0.04,4.16,0.468,0.468,1,basket_tp_pips,7,false,false,false,
EURJPY,new_york,2026-03-13T12:00:00.000000+0000,2026-03-13T21:00:00.000000+0000,2026-03-13T20:30:00.000000+0000,session_optimizer_asia_eurjpy_medium,live_policy,medium,10000.0,6,0.248545,13.672414,11.415568,9.858208,6,basket_tp_pips,31,false,false,false,
GBPJPY,new_york,2026-03-13T12:00:00.000000+0000,2026-03-13T21:00:00.000000+0000,2026-03-13T20:30:00.000000+0000,session_optimizer_asia_gbpjpy_medium,live_policy,medium,10000.0,9,0.395693,29.308962,42.928966,42.928966,9,basket_tp_pips,31,false,false,false,
GBPUSD,new_york,2026-03-13T12:00:00.000000+0000,2026-03-13T21:00:00.000000+0000,2026-03-13T20:30:00.000000+0000,session_optimizer_asia_gbpusd_medium,live_policy,medium,10000.0,8,0.354076,36.580258,52.632044,36.535132,8,basket_tp_pips,176,false,false,false,
NZDUSD,new_york,2026-03-13T12:00:00.000000+0000,2026-03-13T21:00:00.000000+0000,2026-03-13T20:30:00.000000+0000,session_optimizer_asia_nzdusd_medium,live_policy,medium,10000.0,1,0.04,4.16,1.508,1.508,1,basket_tp_pips,9,false,false,false,
EURJPY,new_york,2026-03-14T12:00:00.000000+0000,2026-03-14T21:00:00.000000+0000,2026-03-14T20:30:00.000000+0000,session_optimizer_asia_eurjpy_medium,live_policy,medium,10000.0,0,0.0,0.0,0.0,0.0,0,no_bars,0,false,false,false,
GBPJPY,new_york,2026-03-14T12:00:00.000000+0000,2026-03-14T21:00:00.000000+0000,2026-03-14T20:30:00.000000+0000,session_optimizer_asia_gbpjpy_medium,live_policy,medium,10000.0,0,0.0,0.0,0.0,0.0,0,no_bars,0,false,false,false,
GBPUSD,new_york,2026-03-14T12:00:00.000000+0000,2026-03-14T21:00:00.000000+0000,2026-03-14T20:30:00.000000+0000,session_optimizer_asia_gbpusd_medium,live_policy,medium,10000.0,0,0.0,0.0,0.0,0.0,0,no_bars,0,false,false,false,
NZDUSD,new_york,2026-03-14T12:00:00.000000+0000,2026-03-14T21:00:00.000000+0000,2026-03-14T20:30:00.000000+0000,session_optimizer_asia_nzdusd_medium,live_policy,medium,10000.0,0,0.0,0.0,0.0,0.0,0,no_bars,0,false,false,false,
EURJPY,new_york,2026-03-15T12:00:00.000000+0000,2026-03-15T21:00:00.000000+0000,2026-03-15T20:30:00.000000+0000,session_optimizer_asia_eurjpy_medium,live_policy,medium,10000.0,0,0.0,0.0,0.0,0.0,0,no_bars,0,false,false,false,
GBPJPY,new_york,2026-03-15T12:00:00.000000+0000,2026-03-15T21:00:00.000000+0000,2026-03-15T20:30:00.000000+0000,session_optimizer_asia_gbpjpy_medium,live_policy,medium,10000.0,0,0.0,0.0,0.0,0.0,0,no_bars,0,false,false,false,
GBPUSD,new_york,2026-03-15T12:00:00.000000+0000,2026-03-15T21:00:00.000000+0000,2026-03-15T20:30:00.000000+0000,session_optimizer_asia_gbpusd_medium,live_policy,medium,10000.0,0,0.0,0.0,0.0,0.0,0,no_bars,0,false,false,false,
NZDUSD,new_york,2026-03-15T12:00:00.000000+0000,2026-03-15T21:00:00.000000+0000,2026-03-15T20:30:00.000000+0000,session_optimizer_asia_nzdusd_medium,live_policy,medium,10000.0,0,0.0,0.0,0.0,0.0,0,no_bars,0,false,false,false,
EURJPY,new_york,2026-03-16T12:00:00.000000+0000,2026-03-16T21:00:00.000000+0000,2026-03-16T20:30:00.000000+0000,session_optimizer_asia_eurjpy_medium,live_policy,medium,10000.0,5,0.207345,11.93533,12.864384,10.20204,5,basket_tp_pips,69,false,false,false,
GBPJPY,new_york,2026-03-16T12:00:00.000000+0000,2026-03-16T21:00:00.000000+0000,2026-03-16T20:30:00.000000+0000,session_optimizer_asia_gbpjpy_medium,live_policy,medium,10000.0,5,0.204836,8.635387,3.055392,0.0,5,basket_tp_pips,68,false,false,false,
GBPUSD,new_york,2026-03-16T12:00:00.000000+0000,2026-03-16T21:00:00.000000+0000,2026-03-16T20:30:00.000000+0000,session_optimizer_asia_gbpusd_medium,live_policy,medium,10000.0,4,0.1661,11.638936,4.37619,3.06579,4,basket_tp_pips,56,false,false,false,
NZDUSD,new_york,2026-03-16T12:00:00.000000+0000,2026-03-16T21:00:00.000000+0000,2026-03-16T20:30:00.000000+0000,session_optimizer_asia_nzdusd_medium,live_policy,medium,10000.0,4,0.172405,17.93012,24.172642,22.402042,4,basket_tp_pips,234,false,false,false,
EURJPY,new_york,2026-03-17T12:00:00.000000+0000,2026-03-17T21:00:00.000000+0000,2026-03-17T20:30:00.000000+0000,session_optimizer_asia_eurjpy_medium,live_policy,medium,10000.0,4,0.163636,7.857257,4.864896,4.864896,4,basket_tp_pips,30,false,false,false,
GBPJPY,new_york,2026-03-17T12:00:00.000000+0000,2026-03-17T21:00:00.000000+0000,2026-03-17T20:30:00.000000+0000,session_optimizer_asia_gbpjpy_medium,live_policy,medium,10000.0,4,0.163636,7.857257,5.826751,4.714351,4,basket_tp_pips,43,false,false,false,
GBPUSD,new_york,2026-03-17T12:00:00.000000+0000,2026-03-17T21:00:00.000000+0000,2026-03-17T20:30:00.000000+0000,session_optimizer_asia_gbpusd_medium,live_policy,medium,10000.0,8,0.354076,-41.23001,78.712943,67.422482,8,daily_liquidation,531,true,false,false,
NZDUSD,new_york,2026-03-17T12:00:00.000000+0000,2026-03-17T21:00:00.000000+0000,2026-03-17T20:30:00.000000+0000,session_optimizer_asia_nzdusd_medium,live_policy,medium,10000.0,6,0.272076,28.295904,43.727944,43.467944,6,basket_tp_pips,222,false,false,false,
EURJPY,new_york,2026-03-18T12:00:00.000000+0000,2026-03-18T21:00:00.000000+0000,2026-03-18T20:30:00.000000+0000,session_optimizer_asia_eurjpy_medium,live_policy,medium,10000.0,5,0.204836,8.635387,1.222157,0.11124,5,basket_tp_pips,36,false,false,false,
GBPJPY,new_york,2026-03-18T12:00:00.000000+0000,2026-03-18T21:00:00.000000+0000,2026-03-18T20:30:00.000000+0000,session_optimizer_asia_gbpjpy_medium,live_policy,medium,10000.0,4,0.163636,7.857257,2.497365,2.497365,4,basket_tp_pips,8,false,false,false,
GBPUSD,new_york,2026-03-18T12:00:00.000000+0000,2026-03-18T21:00:00.000000+0000,2026-03-18T20:30:00.000000+0000,session_optimizer_asia_gbpusd_medium,live_policy,medium,10000.0,8,0.36568,-140.247188,135.516238,135.516238,8,basket_sl_pips,77,false,false,false,
NZDUSD,new_york,2026-03-18T12:00:00.000000+0000,2026-03-18T21:00:00.000000+0000,2026-03-18T20:30:00.000000+0000,session_optimizer_asia_nzdusd_medium,live_policy,medium,10000.0,1,0.04,4.16,0.52,0.416,1,basket_tp_pips,8,false,false,false,
EURJPY,new_york,2026-03-19T12:00:00.000000+0000,2026-03-19T21:00:00.000000+0000,2026-03-19T20:30:00.000000+0000,session_optimizer_asia_eurjpy_medium,live_policy,medium,10000.0,6,0.248545,13.672414,3.150108,1.77984,6,basket_tp_pips,48,false,false,false,
GBPJPY,new_york,2026-03-19T12:00:00.000000+0000,2026-03-19T21:00:00.000000+0000,2026-03-19T20:30:00.000000+0000,session_optimizer_asia_gbpjpy_medium,live_policy,medium,10000.0,5,0.207345,11.93533,0.0,0.0,5,basket_tp_pips,2,false,false,false,
GBPUSD,new_york,2026-03-19T12:00:00.000000+0000,2026-03-19T21:00:00.000000+0000,2026-03-19T20:30:00.000000+0000,session_optimizer_asia_gbpusd_medium,live_policy,medium,10000.0,5,0.2081,12.819699,6.98334,6.98334,5,basket_tp_pips,5,false,false,false,
NZDUSD,new_york,2026-03-19T12:00:00.000000+0000,2026-03-19T21:00:00.000000+0000,2026-03-19T20:30:00.000000+0000,session_optimizer_asia_nzdusd_medium,live_policy,medium,10000.0,1,0.04,4.16,0.364,0.364,1,basket_tp_pips,4,false,false,false,
EURJPY,new_york,2026-03-20T12:00:00.000000+0000,2026-03-20T21:00:00.000000+0000,2026-03-20T20:30:00.000000+0000,session_optimizer_asia_eurjpy_medium,live_policy,medium,10000.0,4,0.163636,7.857257,4.085474,2.305634,4,basket_tp_pips,63,false,false,false,
GBPJPY,new_york,2026-03-20T12:00:00.000000+0000,2026-03-20T21:00:00.000000+0000,2026-03-20T20:30:00.000000+0000,session_optimizer_asia_gbpjpy_medium,live_policy,medium,10000.0,7,0.298736,20.404089,19.301432,19.301432,7,basket_tp_pips,27,false,false,false,
GBPUSD,new_york,2026-03-20T12:00:00.000000+0000,2026-03-20T21:00:00.000000+0000,2026-03-20T20:30:00.000000+0000,session_optimizer_asia_gbpusd_medium,live_policy,medium,10000.0,5,0.212405,17.828581,9.015006,9.015006,5,basket_tp_pips,38,false,false,false,
NZDUSD,new_york,2026-03-20T12:00:00.000000+0000,2026-03-20T21:00:00.000000+0000,2026-03-20T20:30:00.000000+0000,session_optimizer_asia_nzdusd_medium,live_policy,medium,10000.0,2,0.082,8.528,3.9858,3.9858,2,basket_tp_pips,39,false,false,false,
EURJPY,new_york,2026-03-21T12:00:00.000000+0000,2026-03-21T21:00:00.000000+0000,2026-03-21T20:30:00.000000+0000,session_optimizer_asia_eurjpy_medium,live_policy,medium,10000.0,0,0.0,0.0,0.0,0.0,0,no_bars,0,false,false,false,
GBPJPY,new_york,2026-03-21T12:00:00.000000+0000,2026-03-21T21:00:00.000000+0000,2026-03-21T20:30:00.000000+0000,session_optimizer_asia_gbpjpy_medium,live_policy,medium,10000.0,0,0.0,0.0,0.0,0.0,0,no_bars,0,false,false,false,
GBPUSD,new_york,2026-03-21T12:00:00.000000+0000,2026-03-21T21:00:00.000000+0000,2026-03-21T20:30:00.000000+0000,session_optimizer_asia_gbpusd_medium,live_policy,medium,10000.0,0,0.0,0.0,0.0,0.0,0,no_bars,0,false,false,false,
NZDUSD,new_york,2026-03-21T12:00:00.000000+0000,2026-03-21T21:00:00.000000+0000,2026-03-21T20:30:00.000000+0000,session_optimizer_asia_nzdusd_medium,live_policy,medium,10000.0,0,0.0,0.0,0.0,0.0,0,no_bars,0,false,false,false,
EURJPY,new_york,2026-03-22T12:00:00.000000+0000,2026-03-22T21:00:00.000000+0000,2026-03-22T20:30:00.000000+0000,session_optimizer_asia_eurjpy_medium,live_policy,medium,10000.0,0,0.0,0.0,0.0,0.0,0,no_bars,0,false,false,false,
GBPJPY,new_york,2026-03-22T12:00:00.000000+0000,2026-03-22T21:00:00.000000+0000,2026-03-22T20:30:00.000000+0000,session_optimizer_asia_gbpjpy_medium,live_policy,medium,10000.0,0,0.0,0.0,0.0,0.0,0,no_bars,0,false,false,false,
GBPUSD,new_york,2026-03-22T12:00:00.000000+0000,2026-03-22T21:00:00.000000+0000,2026-03-22T20:30:00.000000+0000,session_optimizer_asia_gbpusd_medium,live_policy,medium,10000.0,0,0.0,0.0,0.0,0.0,0,no_bars,0,false,false,false,
NZDUSD,new_york,2026-03-22T12:00:00.000000+0000,2026-03-22T21:00:00.000000+0000,2026-03-22T20:30:00.000000+0000,session_optimizer_asia_nzdusd_medium,live_policy,medium,10000.0,0,0.0,0.0,0.0,0.0,0,no_bars,0,false,false,false,
EURJPY,new_york,2026-03-23T12:00:00.000000+0000,2026-03-23T21:00:00.000000+0000,2026-03-23T20:30:00.000000+0000,session_optimizer_asia_eurjpy_medium,live_policy,medium,10000.0,5,0.204836,8.635387,1.413119,0.0,5,basket_tp_pips,32,false,false,false,
GBPJPY,new_york,2026-03-23T12:00:00.000000+0000,2026-03-23T21:00:00.000000+0000,2026-03-23T20:30:00.000000+0000,session_optimizer_asia_gbpjpy_medium,live_policy,medium,10000.0,7,0.290981,17.371231,3.811082,3.811082,7,basket_tp_pips,5,false,false,false,
GBPUSD,new_york,2026-03-23T12:00:00.000000+0000,2026-03-23T21:00:00.000000+0000,2026-03-23T20:30:00.000000+0000,session_optimizer_asia_gbpusd_medium,live_policy,medium,10000.0,5,0.2081,12.819699,4.74474,4.74474,5,basket_tp_pips,4,false,false,false,
NZDUSD,new_york,2026-03-23T12:00:00.000000+0000,2026-03-23T21:00:00.000000+0000,2026-03-23T20:30:00.000000+0000,session_optimizer_asia_nzdusd_medium,live_policy,medium,10000.0,2,0.082,8.528,3.7076,3.2396,2,basket_tp_pips,6,false,false,false,
EURJPY,new_york,2026-03-24T12:00:00.000000+0000,2026-03-24T21:00:00.000000+0000,2026-03-24T20:30:00.000000+0000,session_optimizer_asia_eurjpy_medium,live_policy,medium,10000.0,5,0.204836,8.635387,1.854,1.63152,5,basket_tp_pips,61,false,false,false,
GBPJPY,new_york,2026-03-24T12:00:00.000000+0000,2026-03-24T21:00:00.000000+0000,2026-03-24T20:30:00.000000+0000,session_optimizer_asia_gbpjpy_medium,live_policy,medium,10000.0,4,0.163636,7.857257,5.015441,5.015441,4,basket_tp_pips,30,false,false,false,
GBPUSD,new_york,2026-03-24T12:00:00.000000+0000,2026-03-24T21:00:00.000000+0000,2026-03-24T20:30:00.000000+0000,session_optimizer_asia_gbpusd_medium,live_policy,medium,10000.0,8,0.354076,36.580258,36.34162,28.87507,8,basket_tp_pips,129,false,false,false,
NZDUSD,new_york,2026-03-24T12:00:00.000000+0000,2026-03-24T21:00:00.000000+0000,2026-03-24T20:30:00.000000+0000,session_optimizer_asia_nzdusd_medium,live_policy,medium,10000.0,1,0.04,4.16,0.728,0.728,1,basket_tp_pips,9,false,false,false,
EURJPY,new_york,2026-03-25T12:00:00.000000+0000,2026-03-25T21:00:00.000000+0000,2026-03-25T20:30:00.000000+0000,session_optimizer_asia_eurjpy_medium,live_policy,medium,10000.0,8,0.339936,24.086439,13.291429,8.779482,8,basket_tp_pips,141,false,false,false,
GBPJPY,new_york,2026-03-25T12:00:00.000000+0000,2026-03-25T21:00:00.000000+0000,2026-03-25T20:30:00.000000+0000,session_optimizer_asia_gbpjpy_medium,live_policy,medium,10000.0,4,0.163636,7.857257,4.632404,4.187444,4,basket_tp_pips,16,false,false,false,
GBPUSD,new_york,2026-03-25T12:00:00.000000+0000,2026-03-25T21:00:00.000000+0000,2026-03-25T20:30:00.000000+0000,session_optimizer_asia_gbpusd_medium,live_policy,medium,10000.0,5,0.2081,12.819699,5.19246,5.19246,5,basket_tp_pips,17,false,false,false,
NZDUSD,new_york,2026-03-25T12:00:00.000000+0000,2026-03-25T21:00:00.000000+0000,2026-03-25T20:30:00.000000+0000,session_optimizer_asia_nzdusd_medium,live_policy,medium,10000.0,2,0.082,8.528,2.8132,2.8132,2,basket_tp_pips,18,false,false,false,
EURJPY,new_york,2026-03-26T12:00:00.000000+0000,2026-03-26T21:00:00.000000+0000,2026-03-26T20:30:00.000000+0000,session_optimizer_asia_eurjpy_medium,live_policy,medium,10000.0,9,0.395693,29.308962,51.761833,51.168553,9,basket_tp_pips,356,false,false,false,
GBPJPY,new_york,2026-03-26T12:00:00.000000+0000,2026-03-26T21:00:00.000000+0000,2026-03-26T20:30:00.000000+0000,session_optimizer_asia_gbpjpy_medium,live_policy,medium,10000.0,9,0.387698,29.469167,71.286358,66.66174,9,basket_tp_pips,354,false,false,false,
GBPUSD,new_york,2026-03-26T12:00:00.000000+0000,2026-03-26T21:00:00.000000+0000,2026-03-26T20:30:00.000000+0000,session_optimizer_asia_gbpusd_medium,live_policy,medium,10000.0,5,0.2081,12.819699,2.00655,0.1092,5,basket_tp_pips,42,false,false,false,
NZDUSD,new_york,2026-03-26T12:00:00.000000+0000,2026-03-26T21:00:00.000000+0000,2026-03-26T20:30:00.000000+0000,session_optimizer_asia_nzdusd_medium,live_policy,medium,10000.0,5,0.221025,22.9866,29.918818,29.918818,5,basket_tp_pips,215,false,false,false,
EURJPY,new_york,2026-03-27T12:00:00.000000+0000,2026-03-27T21:00:00.000000+0000,2026-03-27T20:30:00.000000+0000,session_optimizer_asia_eurjpy_medium,live_policy,medium,10000.0,4,0.163636,7.857257,3.43472,3.43472,4,basket_tp_pips,25,false,false,false,
GBPJPY,new_york,2026-03-27T12:00:00.000000+0000,2026-03-27T21:00:00.000000+0000,2026-03-27T20:30:00.000000+0000,session_optimizer_asia_gbpjpy_medium,live_policy,medium,10000.0,5,0.207345,11.93533,6.007628,6.007628,5,basket_tp_pips,32,false,false,false,
GBPUSD,new_york,2026-03-27T12:00:00.000000+0000,2026-03-27T21:00:00.000000+0000,2026-03-27T20:30:00.000000+0000,session_optimizer_asia_gbpusd_medium,live_policy,medium,10000.0,4,0.1661,11.638936,5.77122,4.29702,4,basket_tp_pips,54,false,false,false,
NZDUSD,new_york,2026-03-27T12:00:00.000000+0000,2026-03-27T21:00:00.000000+0000,2026-03-27T20:30:00.000000+0000,session_optimizer_asia_nzdusd_medium,live_policy,medium,10000.0,1,0.04,4.16,0.364,0.364,1,basket_tp_pips,7,false,false,false,
EURJPY,new_york,2026-03-28T12:00:00.000000+0000,2026-03-28T21:00:00.000000+0000,2026-03-28T20:30:00.000000+0000,session_optimizer_asia_eurjpy_medium,live_policy,medium,10000.0,0,0.0,0.0,0.0,0.0,0,no_bars,0,false,false,false,
GBPJPY,new_york,2026-03-28T12:00:00.000000+0000,2026-03-28T21:00:00.000000+0000,2026-03-28T20:30:00.000000+0000,session_optimizer_asia_gbpjpy_medium,live_policy,medium,10000.0,0,0.0,0.0,0.0,0.0,0,no_bars,0,false,false,false,
GBPUSD,new_york,2026-03-28T12:00:00.000000+0000,2026-03-28T21:00:00.000000+0000,2026-03-28T20:30:00.000000+0000,session_optimizer_asia_gbpusd_medium,live_policy,medium,10000.0,0,0.0,0.0,0.0,0.0,0,no_bars,0,false,false,false,
NZDUSD,new_york,2026-03-28T12:00:00.000000+0000,2026-03-28T21:00:00.000000+0000,2026-03-28T20:30:00.000000+0000,session_optimizer_asia_nzdusd_medium,live_policy,medium,10000.0,0,0.0,0.0,0.0,0.0,0,no_bars,0,false,false,false,
EURJPY,new_york,2026-03-29T12:00:00.000000+0000,2026-03-29T21:00:00.000000+0000,2026-03-29T20:30:00.000000+0000,session_optimizer_asia_eurjpy_medium,live_policy,medium,10000.0,0,0.0,0.0,0.0,0.0,0,no_bars,0,false,false,false,
GBPJPY,new_york,2026-03-29T12:00:00.000000+0000,2026-03-29T21:00:00.000000+0000,2026-03-29T20:30:00.000000+0000,session_optimizer_asia_gbpjpy_medium,live_policy,medium,10000.0,0,0.0,0.0,0.0,0.0,0,no_bars,0,false,false,false,
GBPUSD,new_york,2026-03-29T12:00:00.000000+0000,2026-03-29T21:00:00.000000+0000,2026-03-29T20:30:00.000000+0000,session_optimizer_asia_gbpusd_medium,live_policy,medium,10000.0,0,0.0,0.0,0.0,0.0,0,no_bars,0,false,false,false,
NZDUSD,new_york,2026-03-29T12:00:00.000000+0000,2026-03-29T21:00:00.000000+0000,2026-03-29T20:30:00.000000+0000,session_optimizer_asia_nzdusd_medium,live_policy,medium,10000.0,0,0.0,0.0,0.0,0.0,0,no_bars,0,false,false,false,
EURJPY,new_york,2026-03-30T12:00:00.000000+0000,2026-03-30T21:00:00.000000+0000,2026-03-30T20:30:00.000000+0000,session_optimizer_asia_eurjpy_medium,live_policy,medium,10000.0,9,0.395693,-107.070414,113.16884,105.43618,9,basket_sl_pips,224,false,false,false,
GBPJPY,new_york,2026-03-30T12:00:00.000000+0000,2026-03-30T21:00:00.000000+0000,2026-03-30T20:30:00.000000+0000,session_optimizer_asia_gbpjpy_medium,live_policy,medium,10000.0,5,0.207345,11.93533,9.908338,8.826714,5,basket_tp_pips,19,false,false,false,
GBPUSD,new_york,2026-03-30T12:00:00.000000+0000,2026-03-30T21:00:00.000000+0000,2026-03-30T20:30:00.000000+0000,session_optimizer_asia_gbpusd_medium,live_policy,medium,10000.0,4,0.1661,11.638936,6.93693,5.08053,4,basket_tp_pips,25,false,false,false,
NZDUSD,new_york,2026-03-30T12:00:00.000000+0000,2026-03-30T21:00:00.000000+0000,2026-03-30T20:30:00.000000+0000,session_optimizer_asia_nzdusd_medium,live_policy,medium,10000.0,1,0.04,4.16,1.456,1.248,1,basket_tp_pips,17,false,false,false,
EURJPY,new_york,2026-03-31T12:00:00.000000+0000,2026-03-31T21:00:00.000000+0000,2026-03-31T20:30:00.000000+0000,session_optimizer_asia_eurjpy_medium,live_policy,medium,10000.0,9,0.395693,29.308962,75.479908,71.62546,9,basket_tp_pips,178,false,false,false,
GBPJPY,new_york,2026-03-31T12:00:00.000000+0000,2026-03-31T21:00:00.000000+0000,2026-03-31T20:30:00.000000+0000,session_optimizer_asia_gbpjpy_medium,live_policy,medium,10000.0,6,0.252365,16.116645,17.087899,17.087899,6,basket_tp_pips,24,false,false,false,
GBPUSD,new_york,2026-03-31T12:00:00.000000+0000,2026-03-31T21:00:00.000000+0000,2026-03-31T20:30:00.000000+0000,session_optimizer_asia_gbpusd_medium,live_policy,medium,10000.0,5,0.2081,12.819699,2.8665,2.6754,5,basket_tp_pips,65,false,false,false,
NZDUSD,new_york,2026-03-31T12:00:00.000000+0000,2026-03-31T21:00:00.000000+0000,2026-03-31T20:30:00.000000+0000,session_optimizer_asia_nzdusd_medium,live_policy,medium,10000.0,2,0.082,8.528,3.7726,3.7726,2,basket_tp_pips,16,false,false,false,
