pair,session_name,session_start_utc,session_end_utc,managed_close_start_utc,policy_id,policy_source,risk_mode,account_equity,trade_count,gross_lots,realized_pnl,max_drawdown,max_adverse_excursion,max_open_legs,exit_reason,bars_processed,entered_managed_close,gated_by_event_risk,gated_by_entry_intent,derived_entry_direction
EURJPY,asia,2026-03-01T23:00:00.000000+0000,2026-03-02T03:00:00.000000+0000,2026-03-02T03:00:00.000000+0000,both_sides_normal,live_policy,medium,10000.0,4,0.232,17.428352,25.52613,21.552905,4,basket_tp_pips,85,false,false,false,
GBPJPY,asia,2026-03-01T23:00:00.000000+0000,2026-03-02T03:00:00.000000+0000,2026-03-02T03:00:00.000000+0000,session_optimizer_new_york_gbpjpy_medium,live_policy,medium,10000.0,3,0.1515,7.146576,2.949965,2.949965,3,basket_tp_pips,7,false,false,false,
GBPUSD,asia,2026-03-01T23:00:00.000000+0000,2026-03-02T03:00:00.000000+0000,2026-03-02T03:00:00.000000+0000,session_optimizer_new_york_gbpusd_medium,live_policy,medium,10000.0,3,0.1525,10.487195,5.25525,5.25525,3,basket_tp_pips,30,false,false,false,
NZDUSD,asia,2026-03-01T23:00:00.000000+0000,2026-03-02T03:00:00.000000+0000,2026-03-02T03:00:00.000000+0000,session_optimizer_new_york_nzdusd_medium,live_policy,medium,10000.0,3,0.157625,20.49125,33.2826,33.2826,3,basket_tp_pips,67,false,false,false,
EURJPY,asia,2026-03-02T23:00:00.000000+0000,2026-03-03T03:00:00.000000+0000,2026-03-03T03:00:00.000000+0000,both_sides_normal,live_policy,medium,10000.0,0,0.0,0.0,0.0,0.0,0,event_risk_gated,0,false,true,false,
GBPJPY,asia,2026-03-02T23:00:00.000000+0000,2026-03-03T03:00:00.000000+0000,2026-03-03T03:00:00.000000+0000,session_optimizer_new_york_gbpjpy_medium,live_policy,medium,10000.0,0,0.0,0.0,0.0,0.0,0,event_risk_gated,0,false,true,false,
GBPUSD,asia,2026-03-02T23:00:00.000000+0000,2026-03-03T03:00:00.000000+0000,2026-03-03T03:00:00.000000+0000,session_optimizer_new_york_gbpusd_medium,live_policy,medium,10000.0,4,0.207625,21.373724,19.96995,11.9847,4,basket_tp_pips,183,false,false,false,
NZDUSD,asia,2026-03-02T23:00:00.000000+0000,2026-03-03T03:00:00.000000+0000,2026-03-03T03:00:00.000000+0000,session_optimizer_new_york_nzdusd_medium,live_policy,medium,10000.0,2,0.1025,13.325,12.2135,12.2135,2,basket_tp_pips,183,false,false,false,
EURJPY,asia,2026-03-03T23:00:00.000000+0000,2026-03-04T03:00:00.000000+0000,2026-03-04T03:00:00.000000+0000,both_sides_normal,live_policy,medium,10000.0,4,0.232,17.428352,47.52,47.52,4,basket_tp_pips,97,false,false,false,
GBPJPY,asia,2026-03-03T23:00:00.000000+0000,2026-03-04T03:00:00.000000+0000,2026-03-04T03:00:00.000000+0000,session_optimizer_new_york_gbpjpy_medium,live_policy,medium,10000.0,4,0.204545,14.45658,13.835011,12.908011,4,basket_tp_pips,71,false,false,false,
GBPUSD,asia,2026-03-03T23:00:00.000000+0000,2026-03-04T03:00:00.000000+0000,2026-03-04T03:00:00.000000+0000,session_optimizer_new_york_gbpusd_medium,live_policy,medium,10000.0,5,0.265506,-6.545882,65.929435,65.929435,5,session_close,240,false,false,false,
NZDUSD,asia,2026-03-03T23:00:00.000000+0000,2026-03-04T03:00:00.000000+0000,2026-03-04T03:00:00.000000+0000,session_optimizer_new_york_nzdusd_medium,live_policy,medium,10000.0,2,0.1025,13.325,12.2135,12.2135,2,basket_tp_pips,100,false,false,false,
EURJPY,asia,2026-03-04T23:00:00.000000+0000,2026-03-05T03:00:00.000000+0000,2026-03-05T03:00:00.000000+0000,both_sides_normal,live_policy,medium,10000.0,0,0.0,0.0,0.0,0.0,0,event_risk_gated,0,false,true,false,
GBPJPY,asia,2026-03-04T23:00:00.000000+0000,2026-03-05T03:00:00.000000+0000,2026-03-05T03:00:00.000000+0000,session_optimizer_new_york_gbpjpy_medium,live_policy,medium,10000.0,0,0.0,0.0,0.0,0.0,0,event_risk_gated,0,false,true,false,
GBPUSD,asia,2026-03-04T23:00:00.000000+0000,2026-03-05T03:00:00.000000+0000,2026-03-05T03:00:00.000000+0000,session_optimizer_new_york_gbpusd_medium,live_policy,medium,10000.0,3,0.1525,10.487195,6.1425,1.365,3,basket_tp_pips,163,false,false,false,
NZDUSD,asia,2026-03-04T23:00:00.000000+0000,2026-03-05T03:00:00.000000+0000,2026-03-05T03:00:00.000000+0000,session_optimizer_new_york_nzdusd_medium,live_policy,medium,10000.0,1,0.05,6.5,7.345,5.85,1,basket_tp_pips,178,false,false,false,
EURJPY,asia,2026-03-05T23:00:00.000000+0000,2026-03-06T03:00:00.000000+0000,2026-03-06T03:00:00.000000+0000,both_sides_normal,live_policy,medium,10000.0,4,0.232,-17.226,26.4924,26.4924,4,session_close,240,false,false,false,
GBPJPY,asia,2026-03-05T23:00:00.000000+0000,2026-03-06T03:00:00.000000+0000,2026-03-06T03:00:00.000000+0000,session_optimizer_new_york_gbpjpy_medium,live_policy,medium,10000.0,5,0.256045,20.119036,3.914721,2.6883,5,basket_tp_pips,61,false,false,false,
GBPUSD,asia,2026-03-05T23:00:00.000000+0000,2026-03-06T03:00:00.000000+0000,2026-03-06T03:00:00.000000+0000,session_optimizer_new_york_gbpusd_medium,live_policy,medium,10000.0,4,0.207625,-7.927237,21.406613,16.321987,4,session_close,240,false,false,false,
NZDUSD,asia,2026-03-05T23:00:00.000000+0000,2026-03-06T03:00:00.000000+0000,2026-03-06T03:00:00.000000+0000,session_optimizer_new_york_nzdusd_medium,live_policy,medium,10000.0,3,0.157625,-10.947138,23.856625,23.856625,3,session_close,240,false,false,false,
EURJPY,asia,2026-03-06T23:00:00.000000+0000,2026-03-07T03:00:00.000000+0000,2026-03-07T03:00:00.000000+0000,both_sides_normal,live_policy,medium,10000.0,0,0.0,0.0,0.0,0.0,0,no_bars,0,false,false,false,
GBPJPY,asia,2026-03-06T23:00:00.000000+0000,2026-03-07T03:00:00.000000+0000,2026-03-07T03:00:00.000000+0000,session_optimizer_new_york_gbpjpy_medium,live_policy,medium,10000.0,0,0.0,0.0,0.0,0.0,0,no_bars,0,false,false,false,
GBPUSD,asia,2026-03-06T23:00:00.000000+0000,2026-03-07T03:00:00.000000+0000,2026-03-07T03:00:00.000000+0000,session_optimizer_new_york_gbpusd_medium,live_policy,medium,10000.0,0,0.0,0.0,0.0,0.0,0,no_bars,0,false,false,false,
NZDUSD,asia,2026-03-06T23:00:00.000000+0000,2026-03-07T03:00:00.000000+0000,2026-03-07T03:00:00.000000+0000,session_optimizer_new_york_nzdusd_medium,live_policy,medium,10000.0,0,0.0,0.0,0.0,0.0,0,no_bars,0,false,false,false,
EURJPY,asia,2026-03-07T23:00:00.000000+0000,2026-03-08T03:00:00.000000+0000,2026-03-08T03:00:00.000000+0000,both_sides_normal,live_policy,medium,10000.0,0,0.0,0.0,0.0,0.0,0,no_bars,0,false,false,false,
GBPJPY,asia,2026-03-07T23:00:00.000000+0000,2026-03-08T03:00:00.000000+0000,2026-03-08T03:00:00.000000+0000,session_optimizer_new_york_gbpjpy_medium,live_policy,medium,10000.0,0,0.0,0.0,0.0,0.0,0,no_bars,0,false,false,false,
GBPUSD,asia,2026-03-07T23:00:00.000000+0000,2026-03-08T03:00:00.000000+0000,2026-03-08T03:00:00.000000+0000,session_optimizer_new_york_gbpusd_medium,live_policy,medium,10000.0,0,0.0,0.0,0.0,0.0,0,no_bars,0,false,false,false,
NZDUSD,asia,2026-03-07T23:00:00.000000+0000,2026-03-08T03:00:00.000000+0000,2026-03-08T03:00:00.000000+0000,session_optimizer_new_york_nzdusd_medium,live_policy,medium,10000.0,0,0.0,0.0,0.0,0.0,0,no_bars,0,false,false,false,
EURJPY,asia,2026-03-08T22:00:00.000000+0000,2026-03-09T03:00:00.000000+0000,2026-03-09T03:00:00.000000+0000,both_sides_normal,live_policy,medium,10000.0,3,0.16,8.1,1.296,0.705906,3,basket_tp_pips,11,false,false,false,
GBPJPY,asia,2026-03-08T22:00:00.000000+0000,2026-03-09T03:00:00.000000+0000,2026-03-09T03:00:00.000000+0000,session_optimizer_new_york_gbpjpy_medium,live_policy,medium,10000.0,3,0.1515,7.146576,3.01275,3.01275,3,basket_tp_pips,11,false,false,false,
GBPUSD,asia,2026-03-08T22:00:00.000000+0000,2026-03-09T03:00:00.000000+0000,2026-03-09T03:00:00.000000+0000,session_optimizer_new_york_gbpusd_medium,live_policy,medium,10000.0,5,0.265506,-34.731554,91.670407,83.787532,5,session_close,294,false,false,false,
NZDUSD,asia,2026-03-08T22:00:00.000000+0000,2026-03-09T03:00:00.000000+0000,2026-03-09T03:00:00.000000+0000,session_optimizer_new_york_nzdusd_medium,live_policy,medium,10000.0,1,0.05,6.5,1.625,1.625,1,basket_tp_pips,16,false,false,false,
EURJPY,asia,2026-03-09T22:00:00.000000+0000,2026-03-10T03:00:00.000000+0000,2026-03-10T03:00:00.000000+0000,both_sides_normal,live_policy,medium,10000.0,3,0.16,8.1,4.86,2.275634,3,basket_tp_pips,105,false,false,false,
GBPJPY,asia,2026-03-09T22:00:00.000000+0000,2026-03-10T03:00:00.000000+0000,2026-03-10T03:00:00.000000+0000,session_optimizer_new_york_gbpjpy_medium,live_policy,medium,10000.0,3,0.1515,7.146576,0.0,0.0,3,basket_tp_pips,6,false,false,false,
GBPUSD,asia,2026-03-09T22:00:00.000000+0000,2026-03-10T03:00:00.000000+0000,2026-03-10T03:00:00.000000+0000,session_optimizer_new_york_gbpusd_medium,live_policy,medium,10000.0,4,0.207625,21.373724,13.4316,9.7461,4,basket_tp_pips,157,false,false,false,
NZDUSD,asia,2026-03-09T22:00:00.000000+0000,2026-03-10T03:00:00.000000+0000,2026-03-10T03:00:00.000000+0000,session_optimizer_new_york_nzdusd_medium,live_policy,medium,10000.0,1,0.05,6.5,5.2,5.2,1,basket_tp_pips,133,false,false,false,
EURJPY,asia,2026-03-10T22:00:00.000000+0000,2026-03-11T03:00:00.000000+0000,2026-03-11T03:00:00.000000+0000,both_sides_normal,live_policy,medium,10000.0,4,0.232,-39.6792,48.8376,45.9756,4,session_close,300,false,false,false,
GBPJPY,asia,2026-03-10T22:00:00.000000+0000,2026-03-11T03:00:00.000000+0000,2026-03-11T03:00:00.000000+0000,session_optimizer_new_york_gbpjpy_medium,live_policy,medium,10000.0,3,0.1515,7.146576,1.994014,0.3708,3,basket_tp_pips,57,false,false,false,
GBPUSD,asia,2026-03-10T22:00:00.000000+0000,2026-03-11T03:00:00.000000+0000,2026-03-11T03:00:00.000000+0000,session_optimizer_new_york_gbpusd_medium,live_policy,medium,10000.0,5,0.265506,-19.45535,32.382057,28.27682,5,session_close,300,false,false,false,
NZDUSD,asia,2026-03-10T22:00:00.000000+0000,2026-03-11T03:00:00.000000+0000,2026-03-11T03:00:00.000000+0000,session_optimizer_new_york_nzdusd_medium,live_policy,medium,10000.0,2,0.1025,-6.75025,21.45325,16.34425,2,session_close,300,false,false,false,
EURJPY,asia,2026-03-11T22:00:00.000000+0000,2026-03-12T03:00:00.000000+0000,2026-03-12T03:00:00.000000+0000,both_sides_normal,live_policy,medium,10000.0,4,0.232,-18.414,32.076,29.7,4,session_close,300,false,false,false,
GBPJPY,asia,2026-03-11T22:00:00.000000+0000,2026-03-12T03:00:00.000000+0000,2026-03-12T03:00:00.000000+0000,session_optimizer_new_york_gbpjpy_medium,live_policy,medium,10000.0,4,0.204545,14.45658,8.109396,8.109396,4,basket_tp_pips,42,false,false,false,
GBPUSD,asia,2026-03-11T22:00:00.000000+0000,2026-03-12T03:00:00.000000+0000,2026-03-12T03:00:00.000000+0000,session_optimizer_new_york_gbpusd_medium,live_policy,medium,10000.0,5,0.265506,-43.553024,64.54734,57.323123,5,session_close,300,false,false,false,
NZDUSD,asia,2026-03-11T22:00:00.000000+0000,2026-03-12T03:00:00.000000+0000,2026-03-12T03:00:00.000000+0000,session_optimizer_new_york_nzdusd_medium,live_policy,medium,10000.0,1,0.05,6.5,1.365,1.365,1,basket_tp_pips,29,false,false,false,
EURJPY,asia,2026-03-12T22:00:00.000000+0000,2026-03-13T03:00:00.000000+0000,2026-03-13T03:00:00.000000+0000,both_sides_normal,live_policy,medium,10000.0,3,0.16,8.1,0.0,0.0,3,basket_tp_pips,2,false,false,false,
GBPJPY,asia,2026-03-12T22:00:00.000000+0000,2026-03-13T03:00:00.000000+0000,2026-03-13T03:00:00.000000+0000,session_optimizer_new_york_gbpjpy_medium,live_policy,medium,10000.0,4,0.204545,14.45658,16.224354,11.496654,4,basket_tp_pips,174,false,false,false,
GBPUSD,asia,2026-03-12T22:00:00.000000+0000,2026-03-13T03:00:00.000000+0000,2026-03-13T03:00:00.000000+0000,session_optimizer_new_york_gbpusd_medium,live_policy,medium,10000.0,4,0.207625,21.373724,12.124612,12.124612,4,basket_tp_pips,291,false,false,false,
NZDUSD,asia,2026-03-12T22:00:00.000000+0000,2026-03-13T03:00:00.000000+0000,2026-03-13T03:00:00.000000+0000,session_optimizer_new_york_nzdusd_medium,live_policy,medium,10000.0,2,0.1025,13.325,10.74775,10.74775,2,basket_tp_pips,286,false,false,false,
EURJPY,asia,2026-03-13T22:00:00.000000+0000,2026-03-14T03:00:00.000000+0000,2026-03-14T03:00:00.000000+0000,both_sides_normal,live_policy,medium,10000.0,0,0.0,0.0,0.0,0.0,0,no_bars,0,false,false,false,
GBPJPY,asia,2026-03-13T22:00:00.000000+0000,2026-03-14T03:00:00.000000+0000,2026-03-14T03:00:00.000000+0000,session_optimizer_new_york_gbpjpy_medium,live_policy,medium,10000.0,0,0.0,0.0,0.0,0.0,0,no_bars,0,false,false,false,
GBPUSD,asia,2026-03-13T22:00:00.000000+0000,2026-03-14T03:00:00.000000+0000,2026-03-14T03:00:00.000000+0000,session_optimizer_new_york_gbpusd_medium,live_policy,medium,10000.0,0,0.0,0.0,0.0,0.0,0,no_bars,0,false,false,false,
NZDUSD,asia,2026-03-13T22:00:00.000000+0000,2026-03-14T03:00:00.000000+0000,2026-03-14T03:00:00.000000+0000,session_optimizer_new_york_nzdusd_medium,live_policy,medium,10000.0,0,0.0,0.0,0.0,0.0,0,no_bars,0,false,false,false,
EURJPY,asia,2026-03-14T22:00:00.000000+0000,2026-03-15T03:00:00.000000+0000,2026-03-15T03:00:00.000000+0000,both_sides_normal,live_policy,medium,10000.0,0,0.0,0.0,0.0,0.0,0,no_bars,0,false,false,false,
GBPJPY,asia,2026-03-14T22:00:00.000000+0000,2026-03-15T03:00:00.000000+0000,2026-03-15T03:00:00.000000+0000,session_optimizer_new_york_gbpjpy_medium,live_policy,medium,10000.0,0,0.0,0.0,0.0,0.0,0,no_bars,0,false,false,false,
GBPUSD,asia,2026-03-14T22:00:00.000000+0000,2026-03-15T03:00:00.000000+0000,2026-03-15T03:00:00.000000+0000,session_optimizer_new_york_gbpusd_medium,live_policy,medium,10000.0,0,0.0,0.0,0.0,0.0,0,no_bars,0,false,false,false,
NZDUSD,asia,2026-03-14T22:00:00.000000+0000,2026-03-15T03:00:00.000000+0000,2026-03-15T03:00:00.000000+0000,session_optimizer_new_york_nzdusd_medium,live_policy,medium,10000.0,0,0.0,0.0,0.0,0.0,0,no_bars,0,false,false,false,
EURJPY,asia,2026-03-15T22:00:00.000000+0000,2026-03-16T03:00:00.000000+0000,2026-03-16T03:00:00.000000+0000,both_sides_normal,live_policy,medium,10000.0,3,0.16,8.1,0.905651,0.905651,3,basket_tp_pips,29,false,false,false,
GBPJPY,asia,2026-03-15T22:00:00.000000+0000,2026-03-16T03:00:00.000000+0000,2026-03-16T03:00:00.000000+0000,session_optimizer_new_york_gbpjpy_medium,live_policy,medium,10000.0,3,0.1515,7.146576,1.1124,1.1124,3,basket_tp_pips,7,false,false,false,
GBPUSD,asia,2026-03-15T22:00:00.000000+0000,2026-03-16T03:00:00.000000+0000,2026-03-16T03:00:00.000000+0000,session_optimizer_new_york_gbpusd_medium,live_policy,medium,10000.0,3,0.1525,10.487195,2.93475,1.29675,3,basket_tp_pips,70,false,false,false,
NZDUSD,asia,2026-03-15T22:00:00.000000+0000,2026-03-16T03:00:00.000000+0000,2026-03-16T03:00:00.000000+0000,session_optimizer_new_york_nzdusd_medium,live_policy,medium,10000.0,1,0.05,6.5,2.925,0.0,1,basket_tp_pips,20,false,false,false,
EURJPY,asia,2026-03-16T22:00:00.000000+0000,2026-03-17T03:00:00.000000+0000,2026-03-17T03:00:00.000000+0000,both_sides_normal,live_policy,medium,10000.0,4,0.232,-13.8996,22.572,19.008,4,session_close,300,false,false,false,
GBPJPY,asia,2026-03-16T22:00:00.000000+0000,2026-03-17T03:00:00.000000+0000,2026-03-17T03:00:00.000000+0000,session_optimizer_new_york_gbpjpy_medium,live_policy,medium,10000.0,4,0.204545,-2.087604,11.675101,11.026201,4,session_close,300,false,false,false,
GBPUSD,asia,2026-03-16T22:00:00.000000+0000,2026-03-17T03:00:00.000000+0000,2026-03-17T03:00:00.000000+0000,session_optimizer_new_york_gbpusd_medium,live_policy,medium,10000.0,4,0.207625,-4.009687,21.464625,20.099625,4,session_close,300,false,false,false,
NZDUSD,asia,2026-03-16T22:00:00.000000+0000,2026-03-17T03:00:00.000000+0000,2026-03-17T03:00:00.000000+0000,session_optimizer_new_york_nzdusd_medium,live_policy,medium,10000.0,1,0.05,6.5,2.665,2.665,1,basket_tp_pips,146,false,false,false,
EURJPY,asia,2026-03-17T22:00:00.000000+0000,2026-03-18T03:00:00.000000+0000,2026-03-18T03:00:00.000000+0000,both_sides_normal,live_policy,medium,10000.0,3,0.16,8.1,4.86,4.86,3,basket_tp_pips,152,false,false,false,
GBPJPY,asia,2026-03-17T22:00:00.000000+0000,2026-03-18T03:00:00.000000+0000,2026-03-18T03:00:00.000000+0000,session_optimizer_new_york_gbpjpy_medium,live_policy,medium,10000.0,3,0.1515,7.146576,2.4102,2.4102,3,basket_tp_pips,54,false,false,false,
GBPUSD,asia,2026-03-17T22:00:00.000000+0000,2026-03-18T03:00:00.000000+0000,2026-03-18T03:00:00.000000+0000,session_optimizer_new_york_gbpusd_medium,live_policy,medium,10000.0,2,0.1,0.0,0.0,0.0,2,session_close,300,false,false,false,
NZDUSD,asia,2026-03-17T22:00:00.000000+0000,2026-03-18T03:00:00.000000+0000,2026-03-18T03:00:00.000000+0000,session_optimizer_new_york_nzdusd_medium,live_policy,medium,10000.0,2,0.1025,3.64325,14.6575,12.34675,2,session_close,300,false,false,false,
EURJPY,asia,2026-03-18T22:00:00.000000+0000,2026-03-19T03:00:00.000000+0000,2026-03-19T03:00:00.000000+0000,both_sides_normal,live_policy,medium,10000.0,3,0.16,8.1,4.266,1.35,3,basket_tp_pips,103,false,false,false,
GBPJPY,asia,2026-03-18T22:00:00.000000+0000,2026-03-19T03:00:00.000000+0000,2026-03-19T03:00:00.000000+0000,session_optimizer_new_york_gbpjpy_medium,live_policy,medium,10000.0,4,0.204545,14.45658,7.330111,7.330111,4,basket_tp_pips,121,false,false,false,
GBPUSD,asia,2026-03-18T22:00:00.000000+0000,2026-03-19T03:00:00.000000+0000,2026-03-19T03:00:00.000000+0000,session_optimizer_new_york_gbpusd_medium,live_policy,medium,10000.0,3,0.1525,10.487195,4.7775,4.7775,3,basket_tp_pips,126,false,false,false,
NZDUSD,asia,2026-03-18T22:00:00.000000+0000,2026-03-19T03:00:00.000000+0000,2026-03-19T03:00:00.000000+0000,session_optimizer_new_york_nzdusd_medium,live_policy,medium,10000.0,1,0.05,6.5,1.755,1.04,1,basket_tp_pips,14,false,false,false,
EURJPY,asia,2026-03-19T22:00:00.000000+0000,2026-03-20T03:00:00.000000+0000,2026-03-20T03:00:00.000000+0000,both_sides_normal,live_policy,medium,10000.0,3,0.16,8.1,7.614,5.508,3,basket_tp_pips,193,false,false,false,
GBPJPY,asia,2026-03-19T22:00:00.000000+0000,2026-03-20T03:00:00.000000+0000,2026-03-20T03:00:00.000000+0000,session_optimizer_new_york_gbpjpy_medium,live_policy,medium,10000.0,0,0.0,0.0,0.0,0.0,0,event_risk_gated,0,false,true,false,
GBPUSD,asia,2026-03-19T22:00:00.000000+0000,2026-03-20T03:00:00.000000+0000,2026-03-20T03:00:00.000000+0000,session_optimizer_new_york_gbpusd_medium,live_policy,medium,10000.0,0,0.0,0.0,0.0,0.0,0,event_risk_gated,0,false,true,false,
NZDUSD,asia,2026-03-19T22:00:00.000000+0000,2026-03-20T03:00:00.000000+0000,2026-03-20T03:00:00.000000+0000,session_optimizer_new_york_nzdusd_medium,live_policy,medium,10000.0,3,0.157625,-12.586438,23.6925,21.8075,3,session_close,300,false,false,false,
EURJPY,asia,2026-03-20T22:00:00.000000+0000,2026-03-21T03:00:00.000000+0000,2026-03-21T03:00:00.000000+0000,both_sides_normal,live_policy,medium,10000.0,0,0.0,0.0,0.0,0.0,0,no_bars,0,false,false,false,
GBPJPY,asia,2026-03-20T22:00:00.000000+0000,2026-03-21T03:00:00.000000+0000,2026-03-21T03:00:00.000000+0000,session_optimizer_new_york_gbpjpy_medium,live_policy,medium,10000.0,0,0.0,0.0,0.0,0.0,0,no_bars,0,false,false,false,
GBPUSD,asia,2026-03-20T22:00:00.000000+0000,2026-03-21T03:00:00.000000+0000,2026-03-21T03:00:00.000000+0000,session_optimizer_new_york_gbpusd_medium,live_policy,medium,10000.0,0,0.0,0.0,0.0,0.0,0,no_bars,0,false,false,false,
NZDUSD,asia,2026-03-20T22:00:00.000000+0000,2026-03-21T03:00:00.000000+0000,2026-03-21T03:00:00.000000+0000,session_optimizer_new_york_nzdusd_medium,live_policy,medium,10000.0,0,0.0,0.0,0.0,0.0,0,no_bars,0,false,false,false,
EURJPY,asia,2026-03-21T22:00:00.000000+0000,2026-03-22T03:00:00.000000+0000,2026-03-22T03:00:00.000000+0000,both_sides_normal,live_policy,medium,10000.0,0,0.0,0.0,0.0,0.0,0,no_bars,0,false,false,false,
GBPJPY,asia,2026-03-21T22:00:00.000000+0000,2026-03-22T03:00:00.000000+0000,2026-03-22T03:00:00.000000+0000,session_optimizer_new_york_gbpjpy_medium,live_policy,medium,10000.0,0,0.0,0.0,0.0,0.0,0,no_bars,0,false,false,false,
GBPUSD,asia,2026-03-21T22:00:00.000000+0000,2026-03-22T03:00:00.000000+0000,2026-03-22T03:00:00.000000+0000,session_optimizer_new_york_gbpusd_medium,live_policy,medium,10000.0,0,0.0,0.0,0.0,0.0,0,no_bars,0,false,false,false,
NZDUSD,asia,2026-03-21T22:00:00.000000+0000,2026-03-22T03:00:00.000000+0000,2026-03-22T03:00:00.000000+0000,session_optimizer_new_york_nzdusd_medium,live_policy,medium,10000.0,0,0.0,0.0,0.0,0.0,0,no_bars,0,false,false,false,
EURJPY,asia,2026-03-22T22:00:00.000000+0000,2026-03-23T03:00:00.000000+0000,2026-03-23T03:00:00.000000+0000,both_sides_normal,live_policy,medium,10000.0,3,0.16,8.1,5.67,3.316111,3,basket_tp_pips,66,false,false,false,
GBPJPY,asia,2026-03-22T22:00:00.000000+0000,2026-03-23T03:00:00.000000+0000,2026-03-23T03:00:00.000000+0000,session_optimizer_new_york_gbpjpy_medium,live_policy,medium,10000.0,3,0.1515,7.146576,7.7868,4.10607,3,basket_tp_pips,125,false,false,false,
GBPUSD,asia,2026-03-22T22:00:00.000000+0000,2026-03-23T03:00:00.000000+0000,2026-03-23T03:00:00.000000+0000,session_optimizer_new_york_gbpusd_medium,live_policy,medium,10000.0,5,0.265506,32.676536,23.113033,23.113033,5,basket_tp_pips,159,false,false,false,
NZDUSD,asia,2026-03-22T22:00:00.000000+0000,2026-03-23T03:00:00.000000+0000,2026-03-23T03:00:00.000000+0000,session_optimizer_new_york_nzdusd_medium,live_policy,medium,10000.0,3,0.157625,20.49125,25.291012,25.291012,3,basket_tp_pips,174,false,false,false,
EURJPY,asia,2026-03-23T22:00:00.000000+0000,2026-03-24T03:00:00.000000+0000,2026-03-24T03:00:00.000000+0000,both_sides_normal,live_policy,medium,10000.0,4,0.232,2.7324,28.08,23.76,4,session_close,298,false,false,false,
GBPJPY,asia,2026-03-23T22:00:00.000000+0000,2026-03-24T03:00:00.000000+0000,2026-03-24T03:00:00.000000+0000,session_optimizer_new_york_gbpjpy_medium,live_policy,medium,10000.0,3,0.1515,7.146576,5.562,2.4102,3,basket_tp_pips,112,false,false,false,
GBPUSD,asia,2026-03-23T22:00:00.000000+0000,2026-03-24T03:00:00.000000+0000,2026-03-24T03:00:00.000000+0000,session_optimizer_new_york_gbpusd_medium,live_policy,medium,10000.0,5,0.265506,-19.670508,53.019967,53.019967,5,session_close,298,false,false,false,
NZDUSD,asia,2026-03-23T22:00:00.000000+0000,2026-03-24T03:00:00.000000+0000,2026-03-24T03:00:00.000000+0000,session_optimizer_new_york_nzdusd_medium,live_policy,medium,10000.0,2,0.1025,13.325,15.81125,15.81125,2,basket_tp_pips,122,false,false,false,
EURJPY,asia,2026-03-24T22:00:00.000000+0000,2026-03-25T03:00:00.000000+0000,2026-03-25T03:00:00.000000+0000,both_sides_normal,live_policy,medium,10000.0,4,0.232,-3.4452,37.7784,37.7784,4,session_close,300,false,false,false,
GBPJPY,asia,2026-03-24T22:00:00.000000+0000,2026-03-25T03:00:00.000000+0000,2026-03-25T03:00:00.000000+0000,session_optimizer_new_york_gbpjpy_medium,live_policy,medium,10000.0,5,0.259181,21.934128,35.602182,34.072632,5,basket_tp_pips,246,false,false,false,
GBPUSD,asia,2026-03-24T22:00:00.000000+0000,2026-03-25T03:00:00.000000+0000,2026-03-25T03:00:00.000000+0000,session_optimizer_new_york_gbpusd_medium,live_policy,medium,10000.0,4,0.207625,21.373724,18.106725,13.943475,4,basket_tp_pips,246,false,false,false,
NZDUSD,asia,2026-03-24T22:00:00.000000+0000,2026-03-25T03:00:00.000000+0000,2026-03-25T03:00:00.000000+0000,session_optimizer_new_york_nzdusd_medium,live_policy,medium,10000.0,2,0.1025,13.325,7.28325,7.28325,2,basket_tp_pips,151,false,false,false,
EURJPY,asia,2026-03-25T22:00:00.000000+0000,2026-03-26T03:00:00.000000+0000,2026-03-26T03:00:00.000000+0000,both_sides_normal,live_policy,medium,10000.0,4,0.232,-0.2376,12.6036,8.5536,4,session_close,300,false,false,false,
GBPJPY,asia,2026-03-25T22:00:00.000000+0000,2026-03-26T03:00:00.000000+0000,2026-03-26T03:00:00.000000+0000,session_optimizer_new_york_gbpjpy_medium,live_policy,medium,10000.0,0,0.0,0.0,0.0,0.0,0,event_risk_gated,0,false,true,false,
GBPUSD,asia,2026-03-25T22:00:00.000000+0000,2026-03-26T03:00:00.000000+0000,2026-03-26T03:00:00.000000+0000,session_optimizer_new_york_gbpusd_medium,live_policy,medium,10000.0,0,0.0,0.0,0.0,0.0,0,event_risk_gated,0,false,true,false,
NZDUSD,asia,2026-03-25T22:00:00.000000+0000,2026-03-26T03:00:00.000000+0000,2026-03-26T03:00:00.000000+0000,session_optimizer_new_york_nzdusd_medium,live_policy,medium,10000.0,1,0.05,6.5,4.03,3.575,1,basket_tp_pips,166,false,false,false,
EURJPY,asia,2026-03-26T22:00:00.000000+0000,2026-03-27T03:00:00.000000+0000,2026-03-27T03:00:00.000000+0000,both_sides_normal,live_policy,medium,10000.0,4,0.232,6.2964,20.4768,19.7208,4,session_close,300,false,false,false,
GBPJPY,asia,2026-03-26T22:00:00.000000+0000,2026-03-27T03:00:00.000000+0000,2026-03-27T03:00:00.000000+0000,session_optimizer_new_york_gbpjpy_medium,live_policy,medium,10000.0,3,0.1515,7.146576,0.3708,0.3708,3,basket_tp_pips,7,false,false,false,
GBPUSD,asia,2026-03-26T22:00:00.000000+0000,2026-03-27T03:00:00.000000+0000,2026-03-27T03:00:00.000000+0000,session_optimizer_new_york_gbpusd_medium,live_policy,medium,10000.0,3,0.1525,10.487195,3.4125,1.16025,3,basket_tp_pips,198,false,false,false,
NZDUSD,asia,2026-03-26T22:00:00.000000+0000,2026-03-27T03:00:00.000000+0000,2026-03-27T03:00:00.000000+0000,session_optimizer_new_york_nzdusd_medium,live_policy,medium,10000.0,1,0.05,6.5,3.185,3.185,1,basket_tp_pips,169,false,false,false,
EURJPY,asia,2026-03-27T22:00:00.000000+0000,2026-03-28T03:00:00.000000+0000,2026-03-28T03:00:00.000000+0000,both_sides_normal,live_policy,medium,10000.0,0,0.0,0.0,0.0,0.0,0,no_bars,0,false,false,false,
GBPJPY,asia,2026-03-27T22:00:00.000000+0000,2026-03-28T03:00:00.000000+0000,2026-03-28T03:00:00.000000+0000,session_optimizer_new_york_gbpjpy_medium,live_policy,medium,10000.0,0,0.0,0.0,0.0,0.0,0,no_bars,0,false,false,false,
GBPUSD,asia,2026-03-27T22:00:00.000000+0000,2026-03-28T03:00:00.000000+0000,2026-03-28T03:00:00.000000+0000,session_optimizer_new_york_gbpusd_medium,live_policy,medium,10000.0,0,0.0,0.0,0.0,0.0,0,no_bars,0,false,false,false,
NZDUSD,asia,2026-03-27T22:00:00.000000+0000,2026-03-28T03:00:00.000000+0000,2026-03-28T03:00:00.000000+0000,session_optimizer_new_york_nzdusd_medium,live_policy,medium,10000.0,0,0.0,0.0,0.0,0.0,0,no_bars,0,false,false,false,
EURJPY,asia,2026-03-28T22:00:00.000000+0000,2026-03-29T03:00:00.000000+0000,2026-03-29T03:00:00.000000+0000,both_sides_normal,live_policy,medium,10000.0,0,0.0,0.0,0.0,0.0,0,no_bars,0,false,false,false,
GBPJPY,asia,2026-03-28T22:00:00.000000+0000,2026-03-29T03:00:00.000000+0000,2026-03-29T03:00:00.000000+0000,session_optimizer_new_york_gbpjpy_medium,live_policy,medium,10000.0,0,0.0,0.0,0.0,0.0,0,no_bars,0,false,false,false,
GBPUSD,asia,2026-03-28T22:00:00.000000+0000,2026-03-29T03:00:00.000000+0000,2026-03-29T03:00:00.000000+0000,session_optimizer_new_york_gbpusd_medium,live_policy,medium,10000.0,0,0.0,0.0,0.0,0.0,0,no_bars,0,false,false,false,
NZDUSD,asia,2026-03-28T22:00:00.000000+0000,2026-03-29T03:00:00.000000+0000,2026-03-29T03:00:00.000000+0000,session_optimizer_new_york_nzdusd_medium,live_policy,medium,10000.0,0,0.0,0.0,0.0,0.0,0,no_bars,0,false,false,false,
EURJPY,asia,2026-03-29T22:00:00.000000+0000,2026-03-30T03:00:00.000000+0000,2026-03-30T03:00:00.000000+0000,both_sides_normal,live_policy,medium,10000.0,4,0.232,-26.9676,45.8676,41.8176,4,session_close,297,false,false,false,
GBPJPY,asia,2026-03-29T22:00:00.000000+0000,2026-03-30T03:00:00.000000+0000,2026-03-30T03:00:00.000000+0000,session_optimizer_new_york_gbpjpy_medium,live_policy,medium,10000.0,5,0.259181,-64.023612,65.534568,63.011738,5,basket_sl_pips,139,false,false,false,
GBPUSD,asia,2026-03-29T22:00:00.000000+0000,2026-03-30T03:00:00.000000+0000,2026-03-30T03:00:00.000000+0000,session_optimizer_new_york_gbpusd_medium,live_policy,medium,10000.0,4,0.207625,21.373724,20.846962,13.66365,4,basket_tp_pips,148,false,false,false,
NZDUSD,asia,2026-03-29T22:00:00.000000+0000,2026-03-30T03:00:00.000000+0000,2026-03-30T03:00:00.000000+0000,session_optimizer_new_york_nzdusd_medium,live_policy,medium,10000.0,1,0.05,6.5,4.81,3.38,1,basket_tp_pips,105,false,false,false,
EURJPY,asia,2026-03-30T22:00:00.000000+0000,2026-03-31T03:00:00.000000+0000,2026-03-31T03:00:00.000000+0000,both_sides_normal,live_policy,medium,10000.0,4,0.232,5.8212,47.9844,43.1244,4,session_close,300,false,false,false,
GBPJPY,asia,2026-03-30T22:00:00.000000+0000,2026-03-31T03:00:00.000000+0000,2026-03-31T03:00:00.000000+0000,session_optimizer_new_york_gbpjpy_medium,live_policy,medium,10000.0,4,0.204545,14.45658,9.747405,6.039405,4,basket_tp_pips,159,false,false,false,
GBPUSD,asia,2026-03-30T22:00:00.000000+0000,2026-03-31T03:00:00.000000+0000,2026-03-31T03:00:00.000000+0000,session_optimizer_new_york_gbpusd_medium,live_policy,medium,10000.0,4,0.207625,21.373724,8.828137,8.486887,4,basket_tp_pips,163,false,false,false,
NZDUSD,asia,2026-03-30T22:00:00.000000+0000,2026-03-31T03:00:00.000000+0000,2026-03-31T03:00:00.000000+0000,session_optimizer_new_york_nzdusd_medium,live_policy,medium,10000.0,1,0.05,6.5,2.21,1.95,1,basket_tp_pips,128,false,false,false,
EURJPY,asia,2026-03-31T22:00:00.000000+0000,2026-04-01T03:00:00.000000+0000,2026-04-01T03:00:00.000000+0000,both_sides_normal,live_policy,medium,10000.0,3,0.16,3.215138,0.186306,0.186306,3,session_close,120,false,false,false,
GBPJPY,asia,2026-03-31T22:00:00.000000+0000,2026-04-01T03:00:00.000000+0000,2026-04-01T03:00:00.000000+0000,session_optimizer_new_york_gbpjpy_medium,live_policy,medium,10000.0,3,0.1515,7.146576,0.0,0.0,3,basket_tp_pips,2,false,false,false,
GBPUSD,asia,2026-03-31T22:00:00.000000+0000,2026-04-01T03:00:00.000000+0000,2026-04-01T03:00:00.000000+0000,session_optimizer_new_york_gbpusd_medium,live_policy,medium,10000.0,3,0.1525,-6.07425,6.89325,6.89325,3,session_close,120,false,false,false,
NZDUSD,asia,2026-03-31T22:00:00.000000+0000,2026-04-01T03:00:00.000000+0000,2026-04-01T03:00:00.000000+0000,session_optimizer_new_york_nzdusd_medium,live_policy,medium,10000.0,2,0.1025,-6.084,8.5345,7.9495,2,session_close,120,false,false,false,
